1	884	36	143.28	TRUE
1	1098	44	814.88	TRUE
1	359	38	623.96	TRUE
1	148	28	480.20	TRUE
1	815	40	274.40	TRUE
1	1120	25	318.25	TRUE
1	313	26	130.52	TRUE
1	684	27	173.70	TRUE
1	977	44	300.80	TRUE
1	206	40	184.00	TRUE
1	575	61	696.62	TRUE
1	737	34	379.10	TRUE
1	1094	42	648.60	TRUE
1	375	35	188.65	TRUE
1	1189	31	89.90	TRUE
1	109	35	240.45	TRUE
1	1372	32	291.20	TRUE
1	196	17	77.35	TRUE
1	1013	36	506.16	TRUE
1	603	38	302.86	TRUE
1	1212	13	129.61	TRUE
1	738	33	198.99	TRUE
1	71	21	61.95	TRUE
1	334	49	416.10	TRUE
1	412	36	171.36	TRUE
1	1395	31	327.67	TRUE
1	393	31	357.43	TRUE
1	1111	28	31.92	TRUE
1	293	23	278.76	TRUE
1	1284	46	569.94	TRUE
1	755	19	289.75	TRUE
1	321	22	60.28	TRUE
1	1157	25	251.00	TRUE
1	1430	26	278.98	TRUE
1	75	36	303.84	TRUE
1	1401	19	135.66	TRUE
1	1350	3	6.42	TRUE
1	182	2	40.74	TRUE
1	563	9	20.61	TRUE
1	769	8	68.00	TRUE
1	1365	5	22.10	TRUE
1	1399	2	8.56	TRUE
1	243	2	22.62	TRUE
2	769	11	93.50	TRUE
2	575	4	45.68	TRUE
2	313	9	45.18	TRUE
2	738	10	60.30	TRUE
2	148	9	154.35	TRUE
2	71	11	32.45	TRUE
2	603	14	111.58	TRUE
2	321	7	19.18	TRUE
2	1430	5	53.65	TRUE
2	815	5	34.30	TRUE
2	1350	4	8.56	TRUE
2	1284	5	61.95	TRUE
2	1365	14	61.88	TRUE
2	1212	2	19.94	TRUE
2	359	13	213.46	TRUE
2	293	5	60.60	TRUE
2	745	7	112.77	TRUE
2	334	13	110.37	TRUE
2	393	4	46.12	TRUE
2	563	4	9.16	TRUE
2	182	8	162.96	TRUE
2	109	12	82.44	TRUE
2	977	14	95.48	TRUE
2	243	3	33.93	TRUE
2	755	5	76.25	TRUE
2	991	7	86.10	TRUE
2	274	10	74.90	TRUE
2	1372	5	45.50	TRUE
2	1401	2	14.28	TRUE
2	75	5	42.20	TRUE
2	206	10	46.00	TRUE
2	884	4	15.92	TRUE
2	911	5	27.55	TRUE
2	1098	18	333.36	TRUE
2	737	7	78.50	TRUE
2	375	3	16.17	TRUE
2	1157	3	30.12	TRUE
2	1245	5	20.40	TRUE
2	1120	5	63.65	TRUE
2	102	3	29.58	TRUE
2	196	2	9.10	TRUE
2	428	5	24.65	TRUE
2	684	1	6.41	TRUE
3	71	4	11.80	TRUE
3	334	15	127.35	TRUE
3	1094	15	231.45	TRUE
3	738	14	84.42	TRUE
3	109	5	34.35	TRUE
3	977	13	88.66	TRUE
3	1157	20	200.80	TRUE
3	1414	11	225.39	TRUE
3	1098	21	388.92	TRUE
3	206	5	23.00	TRUE
3	1372	27	245.70	TRUE
3	1350	20	42.80	TRUE
3	359	7	114.94	TRUE
3	375	7	37.73	TRUE
3	502	4	41.36	TRUE
3	274	10	74.90	TRUE
3	196	8	36.40	TRUE
3	911	17	93.67	TRUE
3	815	9	61.74	TRUE
3	684	17	108.97	TRUE
3	1189	16	46.40	TRUE
3	1013	20	281.20	TRUE
3	1399	17	72.76	TRUE
3	769	16	136.00	TRUE
3	575	5	57.10	TRUE
3	313	5	25.10	TRUE
3	102	2	19.72	TRUE
3	295	5	29.65	TRUE
3	652	5	7.85	TRUE
3	737	4	44.60	TRUE
3	329	4	25.88	TRUE
3	148	3	51.45	TRUE
3	1284	8	99.12	TRUE
3	1401	18	128.52	TRUE
3	1212	13	129.61	TRUE
3	755	9	137.25	TRUE
3	134	3	10.74	TRUE
3	1431	10	60.70	TRUE
3	1430	8	85.84	TRUE
3	1395	4	42.28	TRUE
3	1365	10	44.20	TRUE
3	1299	1	2.26	TRUE
3	1245	10	40.80	TRUE
3	1120	6	76.38	TRUE
3	1111	11	12.54	TRUE
3	991	4	49.20	TRUE
3	884	9	35.82	TRUE
3	745	8	128.88	TRUE
4	652	2	3.14	TRUE
4	603	2	15.94	TRUE
4	575	1	11.42	TRUE
4	563	6	13.74	TRUE
4	511	5	20.25	TRUE
4	502	5	51.70	TRUE
4	494	15	58.95	TRUE
4	479	1	13.65	TRUE
4	428	5	24.65	TRUE
4	412	11	52.36	TRUE
4	393	9	103.77	TRUE
4	375	1	5.39	TRUE
4	359	13	213.46	TRUE
5	334	6	50.94	TRUE
5	329	9	58.23	TRUE
5	321	10	27.40	TRUE
5	313	14	70.28	TRUE
5	295	2	11.86	TRUE
6	293	9	109.80	TRUE
6	274	5	37.45	TRUE
6	243	10	113.10	TRUE
6	206	11	50.60	TRUE
6	196	4	18.20	TRUE
6	182	7	142.59	TRUE
6	148	4	68.60	TRUE
6	134	15	53.70	TRUE
6	109	1	6.87	TRUE
7	102	3	29.58	TRUE
7	75	4	33.76	TRUE
7	71	6	17.70	TRUE
8	149	12	111.24	TRUE
8	461	20	42.40	TRUE
8	1342	30	184.20	TRUE
8	1261	16	127.40	TRUE
8	226	12	88.80	TRUE
8	1184	12	139.32	TRUE
8	80	17	241.40	TRUE
8	237	9	71.55	TRUE
8	660	3	20.76	TRUE
8	1236	9	89.10	TRUE
8	130	17	112.71	TRUE
8	483	22	62.48	TRUE
8	341	17	75.14	TRUE
8	1053	9	55.71	TRUE
8	1404	13	54.21	TRUE
8	1321	10	127.90	TRUE
8	635	18	200.34	TRUE
8	248	20	88.00	TRUE
8	923	10	48.80	TRUE
8	281	13	71.63	TRUE
8	555	6	105.42	TRUE
8	829	3	25.74	TRUE
8	1382	6	44.70	TRUE
8	1145	1	12.85	TRUE
8	299	11	22.11	TRUE
8	728	5	35.65	TRUE
8	813	6	16.32	TRUE
8	890	8	37.40	TRUE
8	31	14	145.46	TRUE
8	916	5	51.15	TRUE
8	445	3	27.36	TRUE
9	728	8	57.40	TRUE
9	829	9	77.22	TRUE
9	80	1	14.20	TRUE
9	555	2	35.14	TRUE
9	445	2	18.24	TRUE
9	237	1	7.95	TRUE
9	1393	5	50.85	TRUE
9	1236	5	49.45	TRUE
9	341	2	8.84	TRUE
9	281	8	44.80	TRUE
9	660	2	13.84	TRUE
9	299	2	4.20	TRUE
9	1053	1	6.19	TRUE
9	923	5	24.40	TRUE
9	671	4	13.00	TRUE
9	1382	3	22.35	TRUE
10	149	64	593.28	TRUE
10	890	46	212.98	TRUE
10	1422	30	163.20	TRUE
10	373	39	316.68	TRUE
10	1053	26	160.94	TRUE
10	341	42	185.64	TRUE
10	315	33	336.93	TRUE
10	31	23	238.97	TRUE
10	916	42	429.66	TRUE
10	1321	34	434.86	TRUE
10	728	33	235.29	TRUE
10	1342	28	171.92	TRUE
10	1393	23	233.91	TRUE
10	829	34	291.72	TRUE
10	1261	25	198.50	TRUE
10	237	51	405.45	TRUE
10	1236	22	217.58	TRUE
10	813	38	103.36	TRUE
10	660	31	214.52	TRUE
10	445	38	346.56	TRUE
10	461	19	40.28	TRUE
10	635	48	534.24	TRUE
10	121	33	147.18	TRUE
10	80	43	610.60	TRUE
10	923	17	82.96	TRUE
10	281	39	214.89	TRUE
10	671	28	91.00	TRUE
10	130	33	218.79	TRUE
10	299	26	52.26	TRUE
10	1404	26	108.42	TRUE
10	1382	41	305.45	TRUE
10	1184	24	278.64	TRUE
10	483	40	113.60	TRUE
10	555	11	193.27	TRUE
10	201	36	261.36	TRUE
10	838	19	78.85	TRUE
10	248	22	96.80	TRUE
10	1145	37	475.45	TRUE
10	261	22	89.76	TRUE
10	733	8	124.64	TRUE
10	226	11	80.74	TRUE
10	1271	16	281.92	TRUE
10	228	3	14.55	TRUE
10	1192	21	108.57	TRUE
10	937	15	50.25	TRUE
10	1193	2	3.64	TRUE
10	1022	1	8.22	TRUE
10	112	1	13.82	TRUE
10	63	7	37.10	TRUE
10	288	4	15.52	TRUE
11	923	4	19.52	TRUE
11	149	8	74.16	TRUE
11	63	5	26.50	TRUE
11	130	5	33.15	TRUE
11	1393	2	20.34	TRUE
11	555	8	140.56	TRUE
11	288	1	3.88	TRUE
11	1145	4	51.40	TRUE
11	248	4	17.60	TRUE
11	226	5	36.70	TRUE
11	671	4	13.00	TRUE
11	80	2	28.40	TRUE
12	261	7	28.56	TRUE
12	829	7	60.60	TRUE
12	671	1	3.25	TRUE
12	1404	4	16.68	TRUE
12	226	15	110.10	TRUE
12	288	5	19.40	TRUE
12	461	2	4.24	TRUE
12	237	5	39.75	TRUE
12	1022	5	41.10	TRUE
12	890	8	37.40	TRUE
12	1342	3	18.42	TRUE
12	660	5	34.60	TRUE
12	1236	2	19.78	TRUE
12	341	7	30.94	TRUE
12	149	7	64.89	TRUE
12	63	11	58.30	TRUE
12	1114	4	33.40	TRUE
12	80	1	14.20	TRUE
12	1053	4	24.76	TRUE
12	1184	2	23.22	TRUE
12	373	1	8.12	TRUE
12	1393	7	71.19	TRUE
12	299	3	6.30	TRUE
12	813	4	10.88	TRUE
12	112	5	69.10	TRUE
12	1321	4	51.16	TRUE
12	937	1	3.35	TRUE
12	923	1	4.88	TRUE
12	1261	4	31.76	TRUE
12	201	3	21.78	TRUE
13	1145	17	218.45	TRUE
13	1236	14	138.46	TRUE
13	130	3	19.89	TRUE
13	315	4	40.84	TRUE
13	1053	16	99.40	TRUE
13	112	8	110.56	TRUE
13	483	7	19.88	TRUE
13	1382	13	96.85	TRUE
13	373	2	16.24	TRUE
13	1022	5	41.10	TRUE
13	916	9	92.70	TRUE
13	342	7	40.74	TRUE
13	1434	14	71.82	TRUE
13	1422	10	54.40	TRUE
13	1404	4	16.68	TRUE
13	1393	11	111.87	TRUE
13	1342	13	79.82	TRUE
13	1278	2	6.36	TRUE
13	1271	1	17.62	TRUE
13	1261	9	71.46	TRUE
13	1193	6	10.92	TRUE
13	1192	1	5.17	TRUE
13	1184	14	162.54	TRUE
13	1150	10	44.60	TRUE
13	1114	3	25.50	TRUE
13	945	10	124.30	TRUE
13	937	11	36.85	TRUE
13	923	2	9.76	TRUE
13	890	2	9.26	TRUE
13	838	10	41.50	TRUE
13	829	11	94.38	TRUE
13	813	14	38.80	TRUE
13	789	8	32.96	TRUE
13	733	5	77.90	TRUE
14	728	10	71.30	TRUE
14	671	3	9.75	TRUE
14	660	15	103.80	TRUE
14	635	3	33.39	TRUE
14	565	11	85.36	TRUE
14	555	13	228.41	TRUE
14	483	2	5.68	TRUE
14	461	3	6.36	TRUE
14	445	3	27.36	TRUE
14	373	4	32.48	TRUE
14	341	11	48.62	TRUE
14	315	2	20.42	TRUE
14	288	5	19.40	TRUE
14	281	9	49.59	TRUE
15	261	7	28.56	TRUE
15	248	4	17.60	TRUE
15	237	5	39.75	TRUE
16	228	4	19.40	TRUE
16	226	6	44.40	TRUE
16	201	6	43.56	TRUE
16	149	7	64.89	TRUE
16	130	3	19.89	TRUE
16	121	2	8.92	TRUE
16	112	11	152.20	TRUE
16	80	10	142.00	TRUE
16	63	4	21.20	TRUE
17	31	6	62.34	TRUE
18	948	22	309.76	TRUE
18	548	37	175.38	TRUE
18	597	19	199.12	TRUE
18	1217	38	366.70	TRUE
18	1003	12	111.24	TRUE
18	1112	47	564.47	TRUE
18	956	28	83.16	TRUE
18	1237	29	258.10	TRUE
18	747	45	194.85	TRUE
18	1195	40	246.40	TRUE
18	919	30	136.20	TRUE
18	1047	39	636.87	TRUE
18	1054	33	94.38	TRUE
18	946	34	296.48	TRUE
18	263	48	300.00	TRUE
18	870	50	756.00	TRUE
18	1328	42	356.16	TRUE
18	53	33	86.79	TRUE
18	1147	21	110.88	TRUE
18	557	19	171.19	TRUE
18	607	25	142.25	TRUE
18	198	25	430.50	TRUE
18	271	29	235.48	TRUE
18	8	31	320.85	TRUE
18	360	33	253.44	TRUE
18	653	39	99.84	TRUE
18	1410	21	138.81	TRUE
18	188	33	134.64	TRUE
18	415	29	274.34	TRUE
18	15	36	162.36	TRUE
18	647	18	103.50	TRUE
18	1329	49	200.41	TRUE
18	1380	20	281.60	TRUE
18	364	31	295.43	TRUE
18	665	19	229.52	TRUE
18	1374	9	71.37	TRUE
18	1240	29	199.81	TRUE
18	85	31	58.59	TRUE
18	104	39	82.68	TRUE
18	1059	20	63.60	TRUE
18	1031	22	146.30	TRUE
18	1277	15	232.35	TRUE
18	500	22	256.30	TRUE
18	580	8	100.88	TRUE
18	1326	3	3.90	TRUE
18	1067	12	126.24	TRUE
18	1275	4	20.16	TRUE
19	1195	21	129.36	TRUE
19	1237	32	284.80	TRUE
19	1147	13	68.64	TRUE
19	1374	22	174.46	TRUE
19	1113	13	87.62	TRUE
19	1275	19	95.76	TRUE
19	1240	20	137.80	TRUE
19	104	9	19.80	TRUE
19	946	9	78.48	TRUE
19	1031	12	79.80	TRUE
19	500	13	151.45	TRUE
19	1328	7	59.36	TRUE
19	1054	19	54.34	TRUE
19	1329	17	69.53	TRUE
19	360	9	69.12	TRUE
19	53	14	36.82	TRUE
19	647	16	92.00	TRUE
19	188	10	40.80	TRUE
19	85	7	13.23	TRUE
19	557	2	18.20	TRUE
19	426	23	117.99	TRUE
19	548	10	47.40	TRUE
19	1047	15	244.95	TRUE
19	1380	19	267.52	TRUE
19	653	4	10.24	TRUE
19	364	12	114.36	TRUE
19	1217	15	144.75	TRUE
19	580	26	327.86	TRUE
19	607	12	68.28	TRUE
19	271	14	113.68	TRUE
19	1326	10	10.30	TRUE
19	8	21	217.35	TRUE
19	415	13	122.98	TRUE
19	948	9	126.72	TRUE
19	15	22	99.22	TRUE
19	1003	16	148.32	TRUE
19	597	11	115.28	TRUE
19	747	13	56.29	TRUE
19	870	2	30.24	TRUE
19	1067	10	105.20	TRUE
19	665	6	72.48	TRUE
19	1277	10	154.90	TRUE
19	1112	1	12.10	TRUE
19	956	8	23.76	TRUE
19	198	8	137.76	TRUE
19	784	6	49.44	TRUE
19	1059	11	34.98	TRUE
19	263	4	25.00	TRUE
19	1158	4	19.92	TRUE
19	843	9	69.39	TRUE
19	1410	5	33.50	TRUE
19	454	2	7.36	TRUE
19	465	9	26.91	TRUE
19	852	7	27.86	TRUE
19	522	2	7.90	TRUE
19	877	5	21.80	TRUE
20	647	1	5.75	TRUE
20	104	2	4.24	TRUE
20	500	2	23.30	TRUE
20	1059	1	3.18	TRUE
20	1240	10	68.90	TRUE
20	522	5	19.75	TRUE
20	1054	5	14.30	TRUE
20	653	3	7.68	TRUE
20	747	5	21.65	TRUE
20	198	1	17.22	TRUE
20	1113	4	26.96	TRUE
20	1264	12	75.12	TRUE
20	1237	5	44.50	TRUE
20	1380	4	56.32	TRUE
20	948	4	56.32	TRUE
20	1158	4	19.92	TRUE
20	1047	10	163.30	TRUE
20	360	5	38.40	TRUE
20	1147	5	26.40	TRUE
20	784	4	32.96	TRUE
20	1328	7	59.36	TRUE
20	364	6	57.18	TRUE
20	8	7	72.45	TRUE
20	1326	5	5.15	TRUE
20	465	4	11.96	TRUE
20	188	1	4.80	TRUE
20	1247	2	4.44	TRUE
20	546	12	98.16	TRUE
20	1374	2	15.86	TRUE
20	1003	3	27.81	TRUE
20	498	5	34.35	TRUE
20	415	5	47.30	TRUE
20	1217	4	38.60	TRUE
20	1124	6	24.84	TRUE
20	426	3	15.39	TRUE
20	1031	1	6.65	TRUE
20	1410	4	26.44	TRUE
20	1277	2	30.98	TRUE
20	1112	9	108.90	TRUE
20	597	4	41.92	TRUE
20	271	11	89.32	TRUE
20	454	5	18.40	TRUE
20	877	12	52.32	TRUE
20	956	1	2.97	TRUE
20	263	1	6.25	TRUE
21	1003	4	37.80	TRUE
21	1410	11	72.71	TRUE
21	1380	12	168.96	TRUE
21	1374	4	31.72	TRUE
21	1356	9	52.83	TRUE
21	1329	4	16.36	TRUE
21	1328	15	127.20	TRUE
21	1326	4	4.12	TRUE
21	1316	5	16.55	TRUE
21	1277	13	201.37	TRUE
21	1275	1	5.40	TRUE
21	1264	15	93.90	TRUE
21	1247	5	11.10	TRUE
21	1240	3	20.67	TRUE
21	1237	3	26.70	TRUE
21	1217	15	144.75	TRUE
21	1195	15	92.40	TRUE
21	1158	8	39.84	TRUE
21	1147	1	5.28	TRUE
21	1124	3	12.42	TRUE
21	1113	4	26.96	TRUE
21	1112	3	36.30	TRUE
21	1067	3	31.56	TRUE
21	1059	8	25.44	TRUE
21	1054	3	8.58	TRUE
21	1047	3	48.99	TRUE
21	1031	14	93.10	TRUE
21	956	4	11.88	TRUE
21	948	5	70.40	TRUE
21	946	7	61.40	TRUE
21	919	14	63.56	TRUE
22	904	1	8.10	TRUE
22	877	7	30.52	TRUE
22	870	6	90.72	TRUE
22	852	3	11.94	TRUE
22	843	9	69.39	TRUE
22	784	8	65.92	TRUE
22	747	4	17.32	TRUE
22	665	10	120.80	TRUE
22	653	13	33.28	TRUE
22	647	14	80.50	TRUE
22	607	2	11.38	TRUE
22	597	2	20.96	TRUE
22	580	8	100.88	TRUE
22	557	12	108.12	TRUE
22	548	6	28.44	TRUE
23	546	6	49.80	TRUE
23	522	15	59.25	TRUE
23	500	1	11.65	TRUE
23	498	2	13.74	TRUE
23	465	15	44.85	TRUE
23	454	4	14.72	TRUE
23	426	12	61.56	TRUE
23	415	2	18.92	TRUE
23	364	10	95.30	TRUE
23	360	11	84.48	TRUE
23	271	13	105.56	TRUE
23	263	3	18.75	TRUE
24	198	12	206.64	TRUE
24	188	14	57.12	TRUE
24	104	14	29.68	TRUE
24	85	1	1.89	TRUE
24	53	13	34.19	TRUE
24	15	1	4.51	TRUE
24	8	6	62.10	TRUE
25	820	46	763.60	TRUE
25	851	31	474.30	TRUE
25	331	45	353.25	TRUE
25	335	27	107.73	TRUE
25	536	22	92.62	TRUE
25	308	70	499.80	TRUE
25	73	25	118.75	TRUE
25	882	29	150.22	TRUE
25	1351	61	481.90	TRUE
25	18	48	342.24	TRUE
25	1012	44	47.52	TRUE
25	615	51	644.13	TRUE
25	397	24	407.28	TRUE
25	108	13	92.30	TRUE
25	1056	26	349.96	TRUE
25	301	39	358.20	TRUE
25	907	52	128.44	TRUE
25	1418	47	133.95	TRUE
25	988	40	126.40	TRUE
25	989	42	134.82	TRUE
25	868	32	243.20	TRUE
25	123	25	290.25	TRUE
25	963	28	64.96	TRUE
25	1405	52	393.12	TRUE
25	1339	38	191.90	TRUE
25	1179	26	93.34	TRUE
25	1282	46	217.12	TRUE
25	981	49	598.29	TRUE
25	623	32	556.16	TRUE
25	1218	38	91.58	TRUE
25	1208	35	626.85	TRUE
25	386	36	486.36	TRUE
25	481	35	141.40	TRUE
25	1117	50	96.00	TRUE
25	1060	51	161.67	TRUE
25	675	45	302.85	TRUE
25	1051	54	678.78	TRUE
25	804	50	163.00	TRUE
25	1205	54	250.20	TRUE
25	1381	16	205.44	TRUE
25	832	41	72.57	TRUE
25	687	29	391.79	TRUE
25	150	50	820.50	TRUE
25	34	14	53.48	TRUE
25	190	50	162.00	TRUE
25	713	10	102.90	TRUE
25	1043	8	21.36	TRUE
25	711	10	49.00	TRUE
25	1388	17	30.26	TRUE
25	357	8	77.52	TRUE
25	1183	10	54.60	TRUE
25	581	28	227.64	TRUE
25	698	13	158.60	TRUE
25	367	10	58.50	TRUE
25	744	6	47.40	TRUE
25	539	8	101.40	TRUE
25	734	5	17.45	TRUE
25	1045	8	48.48	TRUE
25	399	7	47.74	TRUE
25	305	16	34.88	TRUE
25	443	5	25.90	TRUE
25	938	3	53.16	TRUE
26	832	3	5.31	TRUE
26	868	4	30.40	TRUE
26	734	1	3.49	TRUE
26	938	5	88.60	TRUE
26	123	3	34.83	TRUE
26	1117	4	7.68	TRUE
26	108	1	7.10	TRUE
26	536	2	8.42	TRUE
26	1405	3	22.68	TRUE
26	804	3	9.78	TRUE
27	981	4	48.84	TRUE
27	711	5	24.50	TRUE
27	18	2	14.26	TRUE
27	305	2	4.36	TRUE
27	108	1	7.10	TRUE
27	882	5	25.90	TRUE
27	1351	1	7.90	TRUE
27	536	4	16.84	TRUE
27	1117	2	3.84	TRUE
27	599	1	14.94	TRUE
27	610	4	33.40	TRUE
27	150	5	82.50	TRUE
27	1045	4	24.24	TRUE
27	687	4	54.40	TRUE
27	1323	3	17.46	TRUE
27	397	5	84.85	TRUE
27	331	10	78.50	TRUE
27	367	5	29.25	TRUE
27	1388	2	3.56	TRUE
27	1282	4	18.88	TRUE
27	623	2	34.76	TRUE
27	963	5	11.60	TRUE
27	447	2	2.78	TRUE
27	820	3	49.80	TRUE
27	851	4	61.20	TRUE
27	1012	3	3.24	TRUE
27	539	2	25.26	TRUE
27	1205	2	9.26	TRUE
27	1381	3	38.52	TRUE
28	981	3	36.63	TRUE
28	851	9	137.70	TRUE
28	1418	9	25.65	TRUE
28	1208	9	161.19	TRUE
28	539	1	12.63	TRUE
28	713	5	51.45	TRUE
28	543	4	19.76	TRUE
28	698	12	146.40	TRUE
28	989	1	3.21	TRUE
28	1282	2	9.44	TRUE
28	906	12	42.84	TRUE
28	481	1	4.40	TRUE
28	615	4	50.52	TRUE
28	1205	11	50.93	TRUE
28	18	2	14.26	TRUE
28	744	7	54.88	TRUE
28	73	15	71.25	TRUE
28	988	5	15.80	TRUE
28	687	5	67.55	TRUE
28	357	2	19.38	TRUE
28	820	4	66.40	TRUE
28	367	5	29.25	TRUE
28	190	2	6.48	TRUE
28	882	14	72.52	TRUE
28	675	3	20.19	TRUE
28	308	4	28.56	TRUE
28	1045	3	18.18	TRUE
28	610	8	66.80	TRUE
28	374	3	14.67	TRUE
28	938	8	141.76	TRUE
28	123	3	34.83	TRUE
28	301	8	73.44	TRUE
28	1043	10	26.70	TRUE
28	488	3	7.83	TRUE
28	734	5	17.45	TRUE
28	47	1	7.70	TRUE
28	1319	1	11.19	TRUE
28	804	4	13.40	TRUE
28	1381	2	25.68	TRUE
28	1183	4	21.84	TRUE
28	1179	3	10.77	TRUE
28	1056	2	26.92	TRUE
28	399	5	34.10	TRUE
28	108	2	14.20	TRUE
28	907	5	12.35	TRUE
28	581	1	8.13	TRUE
28	1012	3	3.24	TRUE
28	1051	4	50.28	TRUE
28	1351	3	23.70	TRUE
28	1060	5	15.85	TRUE
28	599	5	74.70	TRUE
28	832	1	1.77	TRUE
28	335	5	19.95	TRUE
28	305	2	4.36	TRUE
28	1405	2	15.12	TRUE
28	963	4	9.28	TRUE
28	34	3	11.46	TRUE
29	882	1	5.18	TRUE
29	34	5	19.10	TRUE
29	963	2	4.64	TRUE
29	1012	4	4.32	TRUE
30	1339	10	50.50	TRUE
30	734	11	38.39	TRUE
30	1418	2	5.70	TRUE
30	1405	4	30.24	TRUE
30	1388	2	3.56	TRUE
30	1381	5	64.20	TRUE
30	1355	6	32.16	TRUE
30	1351	7	55.30	TRUE
30	1323	5	29.10	TRUE
30	1319	9	100.71	TRUE
30	1282	6	28.32	TRUE
30	1218	3	7.23	TRUE
30	1208	9	161.19	TRUE
30	1205	10	46.30	TRUE
30	1183	8	43.68	TRUE
30	1179	5	17.95	TRUE
30	1117	8	15.36	TRUE
30	1060	6	19.20	TRUE
30	1056	8	107.68	TRUE
30	1051	12	150.84	TRUE
30	1045	4	24.24	TRUE
30	1043	14	37.38	TRUE
30	1012	5	5.40	TRUE
30	989	13	41.73	TRUE
30	988	8	25.28	TRUE
30	981	10	122.10	TRUE
30	963	14	32.48	TRUE
30	938	1	17.72	TRUE
30	907	5	12.35	TRUE
30	906	5	17.85	TRUE
30	882	10	51.80	TRUE
30	868	8	60.80	TRUE
30	851	12	183.60	TRUE
30	832	12	21.24	TRUE
30	820	10	166.00	TRUE
30	804	8	26.80	TRUE
30	744	13	101.92	TRUE
30	713	8	82.32	TRUE
30	711	7	34.30	TRUE
30	698	5	61.00	TRUE
30	687	8	108.80	TRUE
30	675	6	40.38	TRUE
30	623	10	173.80	TRUE
30	615	14	176.82	TRUE
30	610	5	41.30	TRUE
30	599	6	89.64	TRUE
30	581	8	65.40	TRUE
31	543	15	74.10	TRUE
31	539	2	25.26	TRUE
31	536	14	58.94	TRUE
31	488	9	23.49	TRUE
31	481	7	28.28	TRUE
31	447	9	12.51	TRUE
31	443	14	72.52	TRUE
31	399	2	13.64	TRUE
31	397	13	220.61	TRUE
31	386	5	67.55	TRUE
32	374	8	39.12	TRUE
33	367	4	23.40	TRUE
33	357	9	87.21	TRUE
33	335	3	11.97	TRUE
33	331	11	86.35	TRUE
33	308	10	71.40	TRUE
33	305	6	13.80	TRUE
33	301	9	82.62	TRUE
33	190	13	42.12	TRUE
33	150	9	147.69	TRUE
33	123	10	116.10	TRUE
33	108	12	85.20	TRUE
33	73	5	23.75	TRUE
33	47	10	70.70	TRUE
33	34	15	57.30	TRUE
33	18	2	14.26	TRUE
34	669	16	109.28	TRUE
34	1397	47	217.61	TRUE
34	223	22	90.86	TRUE
34	727	33	77.88	TRUE
34	5	45	329.40	TRUE
34	1042	37	223.85	TRUE
34	60	15	105.45	TRUE
34	107	27	309.15	TRUE
34	740	31	479.26	TRUE
34	45	36	208.44	TRUE
34	849	25	69.25	TRUE
34	268	32	615.36	TRUE
34	141	31	376.65	TRUE
34	848	31	152.52	TRUE
34	921	20	109.80	TRUE
34	1152	35	539.35	TRUE
34	191	22	152.24	TRUE
34	28	18	44.82	TRUE
34	854	32	475.52	TRUE
34	564	16	181.28	TRUE
34	532	12	233.76	TRUE
34	973	19	157.13	TRUE
34	1332	9	154.98	TRUE
35	268	17	326.91	TRUE
35	107	12	137.40	TRUE
35	532	10	194.80	TRUE
35	191	21	145.32	TRUE
35	849	23	63.71	TRUE
35	28	21	52.29	TRUE
35	1152	17	261.97	TRUE
35	727	21	49.56	TRUE
35	740	10	154.60	TRUE
35	1332	34	585.48	TRUE
35	1397	7	32.41	TRUE
35	45	20	115.80	TRUE
35	669	11	75.13	TRUE
35	848	5	24.60	TRUE
35	5	15	109.80	TRUE
35	973	9	74.43	TRUE
35	60	21	147.63	TRUE
35	223	10	41.30	TRUE
35	854	4	59.44	TRUE
35	141	13	157.95	TRUE
35	921	3	16.47	TRUE
35	1042	11	66.55	TRUE
35	205	8	30.40	TRUE
35	752	13	48.49	TRUE
35	70	9	65.52	TRUE
35	405	1	7.92	TRUE
35	564	6	67.98	TRUE
35	1216	3	29.46	TRUE
35	273	2	14.30	TRUE
35	257	7	55.20	TRUE
35	1123	2	21.12	TRUE
35	478	6	32.46	TRUE
35	1196	3	11.10	TRUE
36	848	3	14.76	TRUE
36	849	20	55.40	TRUE
36	268	3	57.69	TRUE
36	5	6	43.92	TRUE
36	205	5	19.00	TRUE
36	1123	11	116.16	TRUE
36	1152	11	169.51	TRUE
36	669	18	122.94	TRUE
36	1397	11	50.93	TRUE
36	223	2	8.26	TRUE
36	107	2	22.90	TRUE
36	405	3	23.76	TRUE
36	854	4	59.44	TRUE
36	45	5	28.95	TRUE
36	1042	18	108.90	TRUE
36	257	1	7.86	TRUE
36	532	4	77.92	TRUE
36	1196	10	36.70	TRUE
36	1332	12	206.64	TRUE
36	1216	6	58.92	TRUE
36	973	7	57.89	TRUE
36	921	8	43.92	TRUE
36	752	4	14.92	TRUE
36	750	4	18.32	TRUE
36	740	13	200.98	TRUE
36	727	5	11.80	TRUE
36	636	4	55.20	TRUE
37	564	2	22.66	TRUE
37	532	2	38.96	TRUE
37	478	12	64.92	TRUE
37	405	2	15.84	TRUE
37	273	9	64.35	TRUE
37	268	8	153.84	TRUE
38	257	1	7.86	TRUE
38	223	10	41.30	TRUE
39	205	3	11.40	TRUE
39	191	8	55.36	TRUE
40	184	3	44.64	TRUE
40	141	14	170.10	TRUE
40	107	1	11.45	TRUE
40	70	9	65.52	TRUE
40	60	2	14.60	TRUE
40	45	7	40.53	TRUE
40	28	1	2.49	TRUE
41	5	14	102.48	TRUE
42	816	25	241.25	TRUE
42	1166	21	215.40	TRUE
42	980	40	260.80	TRUE
42	1133	64	645.76	TRUE
42	132	57	1020.87	TRUE
42	595	43	70.90	TRUE
42	1110	57	242.25	TRUE
42	297	61	824.72	TRUE
42	605	61	206.79	TRUE
42	853	59	476.72	TRUE
42	189	71	975.54	TRUE
42	809	38	110.58	TRUE
42	1073	55	648.45	TRUE
42	241	32	446.80	TRUE
42	124	55	287.65	TRUE
42	1338	40	112.40	TRUE
42	1281	38	385.70	TRUE
42	390	51	76.50	TRUE
42	174	52	537.68	TRUE
42	1186	42	384.72	TRUE
42	417	24	271.68	TRUE
42	802	43	383.13	TRUE
42	283	37	503.20	TRUE
42	52	36	384.48	TRUE
42	474	15	206.25	TRUE
42	1057	24	289.92	TRUE
42	1200	31	311.86	TRUE
42	556	19	60.61	TRUE
42	505	13	47.19	TRUE
42	941	17	143.82	TRUE
42	290	9	78.66	TRUE
42	1086	10	38.20	TRUE
42	362	30	295.20	TRUE
42	777	8	29.84	TRUE
42	40	10	57.50	TRUE
42	933	8	74.96	TRUE
42	818	10	88.00	TRUE
42	778	10	115.50	TRUE
42	493	12	54.00	TRUE
42	418	5	33.50	TRUE
42	768	4	13.64	TRUE
42	78	5	42.70	TRUE
42	670	5	30.65	TRUE
42	318	5	38.85	TRUE
42	1139	2	4.80	TRUE
43	132	7	125.37	TRUE
43	595	8	13.40	TRUE
43	1279	2	7.88	TRUE
43	40	3	17.25	TRUE
43	777	5	18.65	TRUE
43	418	10	66.10	TRUE
43	189	5	68.70	TRUE
43	980	8	52.16	TRUE
43	1166	2	20.48	TRUE
43	663	3	29.49	TRUE
43	556	3	9.57	TRUE
43	297	2	27.40	TRUE
43	78	5	42.70	TRUE
43	260	1	8.35	TRUE
43	1335	13	76.96	TRUE
43	778	7	80.85	TRUE
43	1057	5	60.40	TRUE
43	816	5	48.25	TRUE
43	897	4	22.92	TRUE
43	1140	5	15.55	TRUE
43	1073	1	11.79	TRUE
43	1086	3	11.46	TRUE
43	1110	9	38.25	TRUE
43	124	5	26.15	TRUE
43	941	4	33.84	TRUE
43	818	3	26.40	TRUE
43	670	5	30.65	TRUE
43	279	2	8.82	TRUE
43	1186	1	9.16	TRUE
44	980	4	26.80	TRUE
44	1166	6	61.44	TRUE
44	1139	5	12.00	TRUE
44	1433	11	116.60	TRUE
44	1338	8	22.48	TRUE
44	1335	7	41.44	TRUE
44	1281	8	81.20	TRUE
44	1279	7	27.58	TRUE
45	1200	10	100.60	TRUE
45	1186	4	36.64	TRUE
45	1166	4	40.96	TRUE
46	1140	3	9.33	TRUE
46	1139	4	9.60	TRUE
46	1133	3	30.27	TRUE
46	1110	10	42.50	TRUE
46	1100	3	37.29	TRUE
46	1086	10	38.20	TRUE
46	1073	2	23.58	TRUE
46	1057	10	120.80	TRUE
46	980	8	52.16	TRUE
46	941	8	67.68	TRUE
46	933	1	9.37	TRUE
46	897	10	57.30	TRUE
46	853	8	64.64	TRUE
46	818	6	52.80	TRUE
46	816	8	77.20	TRUE
46	809	9	26.19	TRUE
46	802	7	62.37	TRUE
46	778	11	127.50	TRUE
46	777	12	44.76	TRUE
46	768	11	37.51	TRUE
46	670	9	55.17	TRUE
46	663	4	39.32	TRUE
46	605	4	13.56	TRUE
46	595	10	16.30	TRUE
46	556	2	6.38	TRUE
46	505	14	50.82	TRUE
46	493	15	67.50	TRUE
46	480	9	38.25	TRUE
46	474	7	96.25	TRUE
46	418	14	92.54	TRUE
46	417	15	169.80	TRUE
46	390	7	10.50	TRUE
46	362	2	19.68	TRUE
46	318	8	62.16	TRUE
46	297	1	13.52	TRUE
46	290	9	78.66	TRUE
47	283	8	108.80	TRUE
47	279	3	13.23	TRUE
48	260	9	75.15	TRUE
48	242	14	90.20	TRUE
48	241	7	97.58	TRUE
48	189	7	96.18	TRUE
49	174	6	62.40	TRUE
49	132	14	250.74	TRUE
49	124	10	52.30	TRUE
49	78	13	111.20	TRUE
49	52	8	85.44	TRUE
49	40	9	51.75	TRUE
50	785	10	41.50	TRUE
50	985	18	169.74	TRUE
50	717	16	204.16	TRUE
50	129	11	217.25	TRUE
50	462	17	118.32	TRUE
50	136	28	77.00	TRUE
50	1432	15	58.20	TRUE
50	1416	12	158.28	TRUE
50	1033	16	56.64	TRUE
50	518	22	266.20	TRUE
50	322	14	159.40	TRUE
50	726	26	256.62	TRUE
50	840	13	182.39	TRUE
50	1167	12	51.12	TRUE
50	692	14	111.72	TRUE
50	910	23	128.11	TRUE
50	1069	18	95.22	TRUE
50	892	26	242.58	TRUE
50	1011	15	21.45	TRUE
50	239	21	171.57	TRUE
50	142	13	87.62	TRUE
50	1125	18	214.74	TRUE
50	880	24	111.36	TRUE
50	401	13	41.86	TRUE
50	951	20	266.80	TRUE
50	377	7	25.20	TRUE
50	761	14	50.26	TRUE
50	389	21	109.20	TRUE
50	1427	5	28.70	TRUE
50	1253	11	11.66	TRUE
50	1164	9	16.47	TRUE
50	1066	8	158.88	TRUE
50	514	9	38.70	TRUE
50	783	2	19.62	TRUE
51	717	17	216.92	TRUE
51	1167	16	68.16	TRUE
51	462	24	167.40	TRUE
51	518	23	278.30	TRUE
51	1432	21	81.48	TRUE
51	1253	24	25.44	TRUE
51	840	25	350.75	TRUE
51	1416	25	329.75	TRUE
51	692	12	95.76	TRUE
51	1011	11	15.73	TRUE
51	1069	40	211.60	TRUE
51	892	12	111.96	TRUE
51	726	20	197.40	TRUE
51	880	11	51.40	TRUE
51	142	6	40.44	TRUE
51	401	25	80.50	TRUE
51	951	9	120.60	TRUE
51	389	20	104.00	TRUE
51	136	23	63.25	TRUE
51	785	24	99.60	TRUE
51	129	3	59.25	TRUE
51	994	20	265.00	TRUE
51	761	21	75.39	TRUE
51	783	23	225.63	TRUE
51	1125	21	250.53	TRUE
51	910	16	89.12	TRUE
51	377	3	10.80	TRUE
51	1066	17	337.62	TRUE
51	239	12	98.40	TRUE
51	514	22	93.60	TRUE
51	985	7	66.10	TRUE
51	322	11	124.96	TRUE
51	1427	20	114.80	TRUE
51	1033	16	56.64	TRUE
51	451	11	116.60	TRUE
51	1164	18	32.94	TRUE
51	446	9	84.60	TRUE
51	984	7	28.98	TRUE
51	496	4	10.56	TRUE
51	898	3	33.45	TRUE
51	204	2	28.54	TRUE
52	1125	22	262.46	TRUE
52	204	12	171.24	TRUE
52	880	2	9.28	TRUE
52	401	14	45.80	TRUE
52	129	17	335.75	TRUE
52	389	17	88.40	TRUE
52	985	18	169.74	TRUE
52	1033	13	46.20	TRUE
52	837	13	83.85	TRUE
52	496	8	21.12	TRUE
52	136	4	11.00	TRUE
52	1164	9	16.47	TRUE
52	892	20	186.60	TRUE
52	1427	14	80.36	TRUE
52	717	15	191.40	TRUE
52	910	8	44.56	TRUE
52	1253	8	8.48	TRUE
52	1432	19	73.72	TRUE
52	997	4	57.32	TRUE
52	377	12	43.20	TRUE
52	1167	18	76.68	TRUE
52	1416	16	211.40	TRUE
52	239	2	16.34	TRUE
52	1340	11	16.50	TRUE
52	692	19	151.62	TRUE
52	322	12	136.32	TRUE
52	451	6	63.60	TRUE
52	994	13	172.25	TRUE
52	984	15	62.10	TRUE
52	514	13	54.99	TRUE
52	840	27	378.81	TRUE
52	446	13	122.20	TRUE
52	142	8	53.92	TRUE
52	783	9	88.29	TRUE
52	898	13	144.95	TRUE
52	518	8	96.80	TRUE
52	785	13	53.95	TRUE
52	1011	6	8.58	TRUE
52	951	5	66.70	TRUE
52	1069	11	58.19	TRUE
52	1066	18	357.48	TRUE
52	726	16	157.92	TRUE
52	143	5	76.60	TRUE
52	705	8	152.72	TRUE
52	59	1	5.60	TRUE
52	1137	9	36.54	TRUE
53	1066	10	198.60	TRUE
53	1033	12	42.48	TRUE
53	1011	11	15.73	TRUE
53	997	10	143.30	TRUE
53	994	13	172.25	TRUE
53	985	2	18.86	TRUE
53	984	13	53.82	TRUE
53	966	15	63.90	TRUE
53	951	8	106.72	TRUE
53	910	6	33.42	TRUE
54	898	5	55.75	TRUE
54	892	1	9.33	TRUE
54	880	10	46.40	TRUE
54	840	9	126.27	TRUE
54	837	1	6.45	TRUE
54	796	14	91.84	TRUE
54	785	12	49.80	TRUE
54	783	12	117.72	TRUE
54	761	9	32.31	TRUE
54	726	8	78.96	TRUE
54	717	8	102.80	TRUE
54	705	8	152.72	TRUE
54	696	1	16.91	TRUE
54	692	2	15.96	TRUE
54	518	15	181.50	TRUE
54	514	12	50.76	TRUE
54	496	6	15.84	TRUE
54	462	1	6.96	TRUE
54	460	13	115.31	TRUE
54	451	1	10.60	TRUE
54	446	6	56.40	TRUE
54	401	11	35.42	TRUE
54	389	12	62.40	TRUE
54	377	3	10.80	TRUE
54	344	7	73.80	TRUE
54	322	14	159.40	TRUE
55	278	14	47.18	TRUE
56	275	15	127.50	TRUE
56	239	3	24.51	TRUE
56	204	12	171.24	TRUE
56	143	9	137.88	TRUE
56	142	6	40.44	TRUE
57	136	3	8.25	TRUE
57	129	10	197.50	TRUE
58	59	1	5.60	TRUE
59	86	18	171.54	TRUE
59	351	4	75.12	TRUE
59	392	16	31.36	TRUE
59	310	21	263.76	TRUE
59	1204	10	15.90	TRUE
59	569	20	78.20	TRUE
59	83	20	170.00	TRUE
59	691	15	85.95	TRUE
59	1415	14	73.50	TRUE
59	1337	11	89.43	TRUE
59	643	9	31.59	TRUE
59	1081	10	114.50	TRUE
59	99	12	67.80	TRUE
59	731	9	29.52	TRUE
59	629	5	22.40	TRUE
59	885	6	21.42	TRUE
59	1417	9	143.10	TRUE
59	1315	11	129.80	TRUE
59	1251	8	49.52	TRUE
59	824	9	10.26	TRUE
59	1408	4	39.00	TRUE
59	614	7	54.67	TRUE
59	828	8	100.48	TRUE
59	960	10	93.90	TRUE
59	444	15	37.50	TRUE
59	170	12	137.16	TRUE
59	1096	10	187.00	TRUE
59	312	6	47.88	TRUE
59	340	10	27.30	TRUE
59	114	14	166.60	TRUE
59	39	14	91.00	TRUE
59	1262	5	29.95	TRUE
59	673	10	108.20	TRUE
59	874	1	10.86	TRUE
60	351	13	244.14	TRUE
60	99	15	83.85	TRUE
60	1081	13	148.85	TRUE
60	310	29	364.24	TRUE
60	312	18	143.64	TRUE
60	1204	12	19.80	TRUE
60	824	18	20.52	TRUE
60	828	7	87.92	TRUE
60	691	28	160.44	TRUE
60	629	22	98.56	TRUE
60	83	22	187.00	TRUE
60	1415	32	168.00	TRUE
60	1251	17	105.23	TRUE
60	39	9	58.50	TRUE
60	1408	27	263.25	TRUE
60	1337	6	48.78	TRUE
60	643	29	101.79	TRUE
60	170	10	114.30	TRUE
60	340	21	57.33	TRUE
60	960	12	112.68	TRUE
60	614	22	171.82	TRUE
60	1206	16	199.36	TRUE
60	444	17	42.50	TRUE
60	86	18	171.54	TRUE
60	885	31	110.67	TRUE
60	569	20	78.20	TRUE
60	673	13	140.66	TRUE
60	1034	34	407.66	TRUE
60	1172	22	135.80	TRUE
60	1096	18	336.60	TRUE
60	114	15	178.50	TRUE
60	874	25	271.50	TRUE
60	1315	19	224.20	TRUE
60	731	20	65.60	TRUE
60	1262	1	5.99	TRUE
60	1417	32	508.48	TRUE
60	392	17	33.32	TRUE
60	1085	25	78.00	TRUE
60	961	22	317.20	TRUE
60	173	28	113.40	TRUE
60	751	15	90.90	TRUE
60	214	5	91.50	TRUE
60	1369	5	79.00	TRUE
61	1085	8	24.96	TRUE
61	874	12	130.32	TRUE
61	629	15	67.20	TRUE
61	1206	27	336.42	TRUE
61	1204	30	47.70	TRUE
61	1262	23	137.77	TRUE
61	214	28	509.88	TRUE
61	1417	14	222.46	TRUE
61	221	23	36.34	TRUE
61	310	17	213.52	TRUE
61	1369	22	347.60	TRUE
61	170	13	148.59	TRUE
61	885	37	132.90	TRUE
61	569	15	58.65	TRUE
61	614	10	78.10	TRUE
61	828	11	138.16	TRUE
61	806	10	49.90	TRUE
61	673	8	86.56	TRUE
61	173	10	40.50	TRUE
61	961	4	57.64	TRUE
61	1168	20	116.80	TRUE
61	351	18	338.40	TRUE
61	83	5	42.50	TRUE
61	39	16	104.00	TRUE
61	1172	11	67.54	TRUE
61	1415	19	99.75	TRUE
61	824	20	22.80	TRUE
61	960	10	93.90	TRUE
61	312	21	167.58	TRUE
61	200	14	98.14	TRUE
61	887	12	182.76	TRUE
61	691	13	74.49	TRUE
61	731	14	45.92	TRUE
61	1408	9	87.75	TRUE
61	99	19	106.21	TRUE
61	1251	15	92.85	TRUE
61	643	13	45.63	TRUE
61	114	15	178.50	TRUE
61	1081	16	183.20	TRUE
61	444	15	37.50	TRUE
61	845	5	13.60	TRUE
61	392	2	3.92	TRUE
61	1038	20	140.80	TRUE
61	84	10	62.30	TRUE
61	1034	7	83.93	TRUE
61	1315	14	165.20	TRUE
61	340	11	30.30	TRUE
61	972	9	39.33	TRUE
61	1102	7	107.17	TRUE
61	244	9	32.76	TRUE
61	1337	6	48.78	TRUE
61	86	3	28.59	TRUE
61	1248	4	30.16	TRUE
61	1257	2	15.66	TRUE
61	65	4	18.84	TRUE
61	751	5	30.30	TRUE
62	874	3	32.58	TRUE
62	1251	5	30.95	TRUE
62	200	1	7.10	TRUE
62	1081	1	11.45	TRUE
62	569	3	11.73	TRUE
62	214	5	91.50	TRUE
62	1096	4	74.80	TRUE
63	244	2	7.28	TRUE
63	1168	14	81.76	TRUE
63	885	2	7.14	TRUE
63	170	10	114.30	TRUE
63	86	3	28.59	TRUE
63	1408	9	87.75	TRUE
63	960	5	46.95	TRUE
63	200	3	21.30	TRUE
63	392	7	13.72	TRUE
63	1315	8	94.40	TRUE
63	1206	15	186.90	TRUE
63	614	3	23.43	TRUE
63	1337	7	56.91	TRUE
63	828	4	50.24	TRUE
63	1172	5	30.70	TRUE
63	972	13	56.81	TRUE
63	1415	15	78.75	TRUE
63	1257	16	125.28	TRUE
63	83	2	17.00	TRUE
63	1038	15	105.60	TRUE
63	351	5	93.90	TRUE
63	824	4	4.56	TRUE
63	1417	9	143.10	TRUE
63	1369	12	189.60	TRUE
63	1262	8	47.92	TRUE
63	1248	9	67.86	TRUE
63	1204	3	4.77	TRUE
63	1102	15	229.65	TRUE
63	1096	2	37.40	TRUE
63	1085	10	31.20	TRUE
63	1081	10	114.50	TRUE
63	1034	5	59.95	TRUE
63	961	2	28.82	TRUE
64	960	6	56.34	TRUE
64	887	8	121.84	TRUE
64	885	2	7.14	TRUE
64	874	12	130.32	TRUE
64	845	11	29.92	TRUE
64	828	15	188.40	TRUE
64	824	7	7.98	TRUE
64	806	4	19.96	TRUE
64	797	14	128.52	TRUE
64	751	14	84.84	TRUE
64	731	10	32.80	TRUE
64	691	8	45.84	TRUE
64	673	1	10.82	TRUE
64	643	5	17.55	TRUE
65	629	4	17.92	TRUE
65	614	7	54.67	TRUE
65	569	1	3.91	TRUE
65	444	1	2.50	TRUE
66	392	14	27.44	TRUE
66	351	6	112.68	TRUE
66	340	8	21.84	TRUE
66	312	13	103.74	TRUE
66	310	2	25.12	TRUE
66	244	8	29.12	TRUE
66	221	5	7.90	TRUE
66	214	14	254.94	TRUE
66	200	3	21.30	TRUE
66	173	10	40.50	TRUE
66	170	6	68.58	TRUE
66	114	10	119.00	TRUE
66	99	2	11.18	TRUE
66	86	15	142.95	TRUE
66	84	5	31.15	TRUE
66	83	9	76.50	TRUE
66	65	11	51.81	TRUE
66	57	5	9.20	TRUE
67	39	7	45.50	TRUE
68	22	14	62.30	TRUE
69	1353	50	100.50	TRUE
69	162	45	54.90	TRUE
69	1180	33	680.46	TRUE
69	422	47	336.50	TRUE
69	1219	58	476.18	TRUE
69	655	19	115.52	TRUE
69	285	53	601.55	TRUE
69	197	57	660.63	TRUE
69	924	46	151.80	TRUE
69	602	59	431.88	TRUE
69	596	36	171.00	TRUE
69	458	51	430.44	TRUE
69	95	25	109.25	TRUE
69	207	28	73.64	TRUE
69	1004	42	515.76	TRUE
69	1052	52	268.32	TRUE
69	571	58	586.96	TRUE
69	30	44	369.16	TRUE
69	1377	51	758.37	TRUE
69	801	34	314.50	TRUE
69	735	30	268.50	TRUE
69	1072	39	131.82	TRUE
69	604	35	446.95	TRUE
69	264	35	112.00	TRUE
69	1249	39	520.26	TRUE
69	96	33	348.48	TRUE
69	683	24	390.48	TRUE
69	91	60	830.40	TRUE
69	1426	16	82.56	TRUE
69	876	45	237.60	TRUE
69	158	33	409.53	TRUE
69	133	37	112.85	TRUE
69	298	31	70.60	TRUE
69	323	25	117.50	TRUE
69	993	32	413.76	TRUE
69	119	27	49.95	TRUE
69	875	16	237.28	TRUE
69	766	30	131.40	TRUE
69	24	25	235.25	TRUE
69	94	22	193.38	TRUE
69	1005	7	104.23	TRUE
69	154	12	82.56	TRUE
69	836	20	90.20	TRUE
69	252	24	285.84	TRUE
69	965	14	69.86	TRUE
69	453	6	30.96	TRUE
69	1294	12	71.64	TRUE
69	267	1	12.48	TRUE
69	464	1	14.17	TRUE
69	233	8	47.44	TRUE
70	655	9	54.72	TRUE
70	1377	16	237.92	TRUE
70	924	6	19.80	TRUE
70	1426	6	30.96	TRUE
70	1353	4	8.40	TRUE
70	1294	6	35.82	TRUE
70	1249	4	53.36	TRUE
70	1219	1	8.21	TRUE
70	1180	5	103.10	TRUE
70	1072	2	6.76	TRUE
70	1052	8	41.28	TRUE
70	1005	13	193.57	TRUE
70	1004	15	184.20	TRUE
70	993	9	116.37	TRUE
70	965	5	24.95	TRUE
70	876	4	21.12	TRUE
70	875	13	192.79	TRUE
70	857	15	192.90	TRUE
70	801	3	27.75	TRUE
70	790	4	22.12	TRUE
70	776	6	10.44	TRUE
70	766	6	26.28	TRUE
70	735	13	116.35	TRUE
70	683	8	130.16	TRUE
70	604	9	114.93	TRUE
70	602	9	65.88	TRUE
70	596	3	14.25	TRUE
70	571	3	30.36	TRUE
70	464	13	184.21	TRUE
70	458	5	42.20	TRUE
70	453	4	20.64	TRUE
70	422	1	7.15	TRUE
70	323	6	28.20	TRUE
70	298	15	33.90	TRUE
70	285	6	68.10	TRUE
70	267	4	49.92	TRUE
70	264	13	41.60	TRUE
70	252	9	107.19	TRUE
70	233	14	83.20	TRUE
70	207	14	36.82	TRUE
70	197	8	92.72	TRUE
70	162	7	8.54	TRUE
70	158	12	148.92	TRUE
70	154	3	20.64	TRUE
70	133	15	45.75	TRUE
70	119	5	9.25	TRUE
70	96	15	158.40	TRUE
70	95	15	65.55	TRUE
71	94	3	26.37	TRUE
71	91	3	41.52	TRUE
71	30	12	100.68	TRUE
72	24	2	18.82	TRUE
73	864	37	312.28	TRUE
73	1391	42	702.66	TRUE
73	894	25	209.75	TRUE
73	17	31	269.80	TRUE
73	156	11	60.17	TRUE
73	585	43	414.90	TRUE
73	650	18	117.90	TRUE
73	1371	26	48.10	TRUE
73	1363	17	51.17	TRUE
73	865	22	90.20	TRUE
73	1148	30	465.00	TRUE
73	1265	38	228.76	TRUE
73	918	9	49.77	TRUE
73	1020	19	104.12	TRUE
73	925	16	103.52	TRUE
73	300	42	141.96	TRUE
73	1049	17	42.50	TRUE
73	537	14	193.62	TRUE
73	161	28	389.76	TRUE
73	1076	27	182.25	TRUE
73	658	14	50.96	TRUE
73	145	26	27.56	TRUE
73	697	22	324.60	TRUE
73	262	20	90.40	TRUE
73	1050	32	546.56	TRUE
73	825	35	469.00	TRUE
73	105	36	618.48	TRUE
73	304	42	603.54	TRUE
73	131	30	201.00	TRUE
73	1295	33	123.90	TRUE
73	1181	16	146.40	TRUE
73	987	28	126.56	TRUE
73	1227	34	210.80	TRUE
73	693	11	98.67	TRUE
73	210	23	157.55	TRUE
73	1119	31	123.70	TRUE
73	303	29	377.58	TRUE
73	823	24	102.72	TRUE
73	20	6	26.46	TRUE
73	648	5	29.70	TRUE
73	1209	16	57.28	TRUE
73	326	5	35.65	TRUE
73	798	18	95.40	TRUE
73	487	11	57.20	TRUE
73	382	29	169.94	TRUE
73	909	13	73.32	TRUE
73	246	12	84.96	TRUE
73	254	8	66.00	TRUE
73	642	6	38.22	TRUE
74	642	8	50.96	TRUE
74	254	2	16.50	TRUE
74	865	10	41.00	TRUE
74	1148	6	93.00	TRUE
74	1050	5	85.40	TRUE
74	537	5	69.15	TRUE
74	894	4	33.56	TRUE
74	300	2	6.76	TRUE
74	925	6	38.82	TRUE
74	13	5	53.50	TRUE
74	161	2	27.84	TRUE
74	1363	8	24.80	TRUE
74	658	1	3.64	TRUE
74	1181	3	27.45	TRUE
74	131	3	20.10	TRUE
74	909	2	11.28	TRUE
74	1227	4	24.80	TRUE
74	798	1	5.30	TRUE
74	1119	13	51.61	TRUE
74	1391	1	16.73	TRUE
74	1371	3	5.55	TRUE
74	1295	2	7.46	TRUE
74	348	4	50.56	TRUE
74	1265	2	12.40	TRUE
74	864	3	25.32	TRUE
74	20	2	8.82	TRUE
74	987	1	4.52	TRUE
74	382	3	17.58	TRUE
74	105	4	68.72	TRUE
74	650	1	6.55	TRUE
75	864	14	118.16	TRUE
75	246	7	49.56	TRUE
75	262	19	85.88	TRUE
75	17	16	138.88	TRUE
75	317	28	157.36	TRUE
75	304	18	258.66	TRUE
75	925	35	226.45	TRUE
75	254	8	66.00	TRUE
75	1349	12	76.44	TRUE
75	1265	14	84.28	TRUE
75	145	16	16.96	TRUE
75	131	9	60.30	TRUE
75	987	15	67.80	TRUE
75	210	17	116.45	TRUE
75	161	7	97.44	TRUE
75	658	23	83.72	TRUE
75	382	18	105.48	TRUE
75	1295	13	48.49	TRUE
75	823	23	98.44	TRUE
75	20	18	79.38	TRUE
75	1371	22	40.70	TRUE
75	13	10	106.10	TRUE
75	865	21	86.10	TRUE
75	487	14	72.80	TRUE
75	709	11	141.24	TRUE
75	1049	14	35.00	TRUE
75	348	17	214.88	TRUE
75	303	18	234.36	TRUE
75	1227	17	105.40	TRUE
75	1363	13	39.13	TRUE
75	1050	10	170.80	TRUE
75	326	18	128.34	TRUE
75	918	13	71.89	TRUE
75	537	22	304.26	TRUE
75	1391	14	234.22	TRUE
75	909	14	78.96	TRUE
75	825	15	201.00	TRUE
75	585	27	260.10	TRUE
75	642	16	101.92	TRUE
75	693	9	80.73	TRUE
75	894	24	201.36	TRUE
75	1076	17	114.75	TRUE
75	1209	8	28.64	TRUE
75	1119	13	51.61	TRUE
75	697	10	147.30	TRUE
75	156	24	131.28	TRUE
75	798	8	42.40	TRUE
75	542	7	68.40	TRUE
75	648	8	47.52	TRUE
75	1020	22	120.56	TRUE
75	1148	4	62.00	TRUE
75	1181	18	164.70	TRUE
75	105	17	292.60	TRUE
75	650	4	26.20	TRUE
75	135	17	302.43	TRUE
75	786	15	101.85	TRUE
75	51	4	19.56	TRUE
75	1105	11	149.60	TRUE
75	959	9	35.37	TRUE
75	1258	5	27.35	TRUE
75	93	2	3.94	TRUE
75	1246	5	20.95	TRUE
75	645	1	14.57	TRUE
75	1366	1	8.93	TRUE
75	667	5	64.45	TRUE
76	51	5	24.45	TRUE
76	1209	13	46.54	TRUE
76	13	4	42.44	TRUE
76	303	3	39.60	TRUE
76	650	8	52.40	TRUE
76	382	3	17.58	TRUE
76	1148	5	77.50	TRUE
76	304	5	71.85	TRUE
76	300	2	6.76	TRUE
76	1366	17	151.81	TRUE
76	1391	6	100.38	TRUE
76	1371	12	22.20	TRUE
76	1363	12	36.12	TRUE
76	1349	7	44.59	TRUE
76	1295	1	3.73	TRUE
76	1265	3	18.60	TRUE
76	1258	9	49.23	TRUE
76	1246	15	62.85	TRUE
76	1227	7	43.40	TRUE
76	1181	9	82.35	TRUE
76	1119	10	39.70	TRUE
76	1105	8	108.80	TRUE
76	1082	14	71.68	TRUE
76	1076	4	27.00	TRUE
76	1050	3	51.24	TRUE
76	1049	14	35.00	TRUE
76	1020	6	32.88	TRUE
76	987	2	9.40	TRUE
76	959	2	7.86	TRUE
76	925	7	45.29	TRUE
76	918	6	33.18	TRUE
76	909	6	33.84	TRUE
76	894	11	92.29	TRUE
76	865	11	45.10	TRUE
76	864	6	50.64	TRUE
76	825	3	40.20	TRUE
76	823	1	4.28	TRUE
76	798	7	37.10	TRUE
76	794	15	153.75	TRUE
76	786	2	13.58	TRUE
76	709	5	64.20	TRUE
76	697	1	14.73	TRUE
76	693	14	125.58	TRUE
76	667	2	25.78	TRUE
76	658	13	47.32	TRUE
76	648	9	53.46	TRUE
76	645	15	218.55	TRUE
76	642	8	50.96	TRUE
77	585	7	67.41	TRUE
77	542	4	38.88	TRUE
77	537	8	110.64	TRUE
77	487	7	36.40	TRUE
77	382	2	11.72	TRUE
77	348	12	151.68	TRUE
77	326	1	7.13	TRUE
77	317	9	50.58	TRUE
77	304	7	100.59	TRUE
77	303	7	91.14	TRUE
77	300	13	43.94	TRUE
77	262	4	18.80	TRUE
77	255	4	23.12	TRUE
77	254	9	74.25	TRUE
77	246	13	92.40	TRUE
77	215	13	139.75	TRUE
77	210	14	95.90	TRUE
77	199	4	51.56	TRUE
77	161	13	180.96	TRUE
78	156	2	10.94	TRUE
78	145	15	15.90	TRUE
78	135	1	17.79	TRUE
78	131	11	73.70	TRUE
78	105	6	103.80	TRUE
78	93	2	3.94	TRUE
79	51	11	53.79	TRUE
79	20	2	8.82	TRUE
79	17	14	121.52	TRUE
80	13	8	84.88	TRUE
81	1092	46	244.26	TRUE
81	1287	61	167.14	TRUE
81	43	60	65.40	TRUE
81	1229	38	71.60	TRUE
81	638	29	33.60	TRUE
81	624	33	135.30	TRUE
81	799	47	398.90	TRUE
81	1121	33	152.46	TRUE
81	236	37	93.61	TRUE
81	280	32	113.92	TRUE
81	1289	47	147.11	TRUE
81	400	38	138.70	TRUE
81	666	49	176.89	TRUE
81	903	54	566.46	TRUE
81	929	45	311.85	TRUE
81	633	29	214.31	TRUE
81	1244	82	1131.60	TRUE
81	773	36	37.80	TRUE
81	668	44	443.52	TRUE
81	1097	44	167.20	TRUE
81	995	56	82.88	TRUE
81	583	57	356.25	TRUE
81	1035	36	571.68	TRUE
81	547	40	85.20	TRUE
81	1298	56	647.92	TRUE
81	689	39	361.53	TRUE
81	509	71	524.69	TRUE
81	593	25	169.50	TRUE
81	1131	53	657.73	TRUE
81	700	22	56.10	TRUE
81	1041	39	641.94	TRUE
81	830	20	83.60	TRUE
81	384	10	74.20	TRUE
81	1293	26	100.88	TRUE
81	649	18	335.70	TRUE
81	249	17	296.48	TRUE
81	471	9	56.70	TRUE
81	203	18	37.80	TRUE
81	25	21	124.53	TRUE
81	760	8	48.80	TRUE
81	1199	20	170.40	TRUE
81	856	12	124.44	TRUE
81	770	15	94.35	TRUE
81	100	7	35.84	TRUE
81	37	8	98.00	TRUE
81	425	5	63.30	TRUE
81	55	4	51.52	TRUE
81	641	8	68.32	TRUE
81	1348	16	142.40	TRUE
81	81	4	34.24	TRUE
82	1121	7	32.34	TRUE
82	1097	8	30.40	TRUE
82	1092	14	74.34	TRUE
82	1041	7	115.22	TRUE
82	1035	12	190.56	TRUE
82	995	1	1.48	TRUE
82	929	2	13.86	TRUE
82	903	7	73.43	TRUE
82	856	10	103.70	TRUE
82	830	8	33.44	TRUE
82	799	3	25.41	TRUE
82	773	13	13.65	TRUE
82	770	12	75.48	TRUE
82	760	6	36.60	TRUE
82	712	13	105.43	TRUE
82	700	10	25.50	TRUE
82	689	5	46.35	TRUE
82	677	15	98.40	TRUE
82	668	10	100.80	TRUE
82	666	14	50.54	TRUE
82	649	4	74.60	TRUE
82	641	12	102.48	TRUE
82	638	11	12.54	TRUE
82	633	6	44.34	TRUE
83	624	2	8.20	TRUE
83	608	5	27.10	TRUE
83	593	15	101.70	TRUE
83	583	13	81.25	TRUE
83	547	6	12.78	TRUE
84	509	3	22.17	TRUE
85	471	14	87.22	TRUE
85	425	9	113.94	TRUE
85	400	1	3.65	TRUE
85	384	8	59.36	TRUE
85	280	4	14.24	TRUE
86	249	8	139.52	TRUE
86	236	13	32.89	TRUE
86	203	14	28.84	TRUE
86	179	7	36.19	TRUE
86	100	12	61.44	TRUE
86	81	11	94.16	TRUE
87	55	10	128.80	TRUE
88	43	2	2.18	TRUE
88	37	8	98.00	TRUE
89	25	11	65.23	TRUE
90	566	28	63.56	TRUE
90	1367	34	120.36	TRUE
90	138	27	140.94	TRUE
90	467	46	146.28	TRUE
90	1036	36	168.48	TRUE
90	930	40	590.80	TRUE
90	240	18	80.10	TRUE
90	76	31	168.95	TRUE
90	1088	25	156.50	TRUE
90	352	31	262.57	TRUE
90	1314	25	152.25	TRUE
90	1322	28	393.68	TRUE
90	1091	28	189.84	TRUE
90	475	36	238.68	TRUE
90	16	28	251.16	TRUE
90	1407	38	588.62	TRUE
90	579	30	109.50	TRUE
90	1285	25	207.75	TRUE
90	6	31	534.13	TRUE
90	1160	19	61.75	TRUE
90	1202	55	177.10	TRUE
90	625	17	56.44	TRUE
90	247	36	470.88	TRUE
90	378	27	54.27	TRUE
90	628	33	335.61	TRUE
90	1127	20	103.60	TRUE
90	144	33	163.68	TRUE
90	368	27	121.77	TRUE
90	592	10	55.50	TRUE
90	1420	66	325.38	TRUE
90	552	26	124.20	TRUE
90	429	21	214.62	TRUE
90	1175	28	204.68	TRUE
90	1269	24	124.80	TRUE
90	834	22	287.10	TRUE
90	337	19	208.62	TRUE
90	1274	19	152.76	TRUE
90	958	9	101.88	TRUE
90	229	10	88.60	TRUE
90	1058	10	72.50	TRUE
90	356	1	16.90	TRUE
90	992	3	33.69	TRUE
90	888	9	20.61	TRUE
90	355	4	22.68	TRUE
91	1314	12	73.80	TRUE
91	1160	9	29.25	TRUE
91	355	7	39.69	TRUE
91	229	6	53.16	TRUE
91	144	2	9.92	TRUE
91	628	13	132.21	TRUE
91	1058	11	79.75	TRUE
91	76	7	38.15	TRUE
91	352	9	76.23	TRUE
91	1036	9	42.12	TRUE
91	1291	9	29.43	TRUE
91	1202	7	22.54	TRUE
91	566	10	22.70	TRUE
91	592	1	5.55	TRUE
91	888	7	16.30	TRUE
91	1367	6	21.24	TRUE
91	1127	4	20.72	TRUE
91	429	5	51.10	TRUE
91	1420	13	64.90	TRUE
91	475	5	33.15	TRUE
91	378	13	26.13	TRUE
91	834	5	65.25	TRUE
91	138	7	36.54	TRUE
91	16	5	44.85	TRUE
91	247	3	39.24	TRUE
91	467	1	3.18	TRUE
91	930	5	73.85	TRUE
91	1334	12	216.48	TRUE
91	939	7	48.79	TRUE
91	368	12	54.12	TRUE
91	337	7	76.86	TRUE
91	1322	13	182.78	TRUE
91	992	5	56.15	TRUE
91	1274	10	80.40	TRUE
91	6	1	17.23	TRUE
91	240	3	13.35	TRUE
91	193	8	32.24	TRUE
91	552	5	23.85	TRUE
91	1285	3	24.93	TRUE
92	834	8	104.40	TRUE
92	138	5	26.10	TRUE
92	1359	13	56.94	TRUE
92	1088	7	43.82	TRUE
92	1420	11	54.23	TRUE
92	1285	1	8.31	TRUE
92	144	4	19.84	TRUE
92	337	3	32.94	TRUE
92	240	4	17.80	TRUE
92	1291	17	55.59	TRUE
92	579	3	10.95	TRUE
92	517	3	30.81	TRUE
92	592	1	5.55	TRUE
92	1333	4	58.40	TRUE
92	6	7	120.61	TRUE
92	1367	4	14.16	TRUE
92	628	3	30.51	TRUE
92	1274	5	40.20	TRUE
92	1214	7	21.35	TRUE
92	552	10	47.70	TRUE
92	193	10	40.30	TRUE
92	355	11	62.37	TRUE
92	1407	11	170.39	TRUE
92	475	10	66.30	TRUE
92	467	8	25.44	TRUE
92	368	10	45.10	TRUE
92	429	2	20.44	TRUE
92	793	3	5.55	TRUE
92	1091	13	88.14	TRUE
92	958	5	56.60	TRUE
92	1160	1	3.25	TRUE
92	185	8	26.80	TRUE
92	1127	1	5.18	TRUE
92	76	5	27.25	TRUE
92	930	2	29.54	TRUE
92	1058	5	36.25	TRUE
92	1202	6	19.32	TRUE
92	1314	9	54.81	TRUE
92	229	1	8.86	TRUE
92	1387	15	110.85	TRUE
92	352	4	33.88	TRUE
92	354	3	14.28	TRUE
92	1334	1	18.40	TRUE
92	356	5	84.50	TRUE
92	566	4	9.80	TRUE
92	888	3	6.87	TRUE
93	1367	6	21.24	TRUE
93	1359	14	61.32	TRUE
93	1333	6	87.60	TRUE
93	1322	11	154.66	TRUE
93	1314	10	60.90	TRUE
93	1291	12	39.24	TRUE
93	1285	7	58.17	TRUE
93	1274	3	24.12	TRUE
93	1269	1	5.20	TRUE
93	1214	7	21.35	TRUE
93	1202	7	22.54	TRUE
94	1175	12	87.72	TRUE
94	1160	11	35.75	TRUE
94	1127	7	36.26	TRUE
94	1091	11	74.58	TRUE
94	1088	12	75.12	TRUE
94	1058	6	43.50	TRUE
94	1036	7	32.76	TRUE
94	992	11	123.53	TRUE
94	958	13	147.16	TRUE
94	939	15	104.55	TRUE
94	930	7	103.39	TRUE
94	888	15	34.35	TRUE
94	834	10	130.50	TRUE
94	793	1	1.85	TRUE
94	792	2	11.60	TRUE
95	628	10	101.70	TRUE
95	625	13	43.16	TRUE
95	598	8	131.20	TRUE
95	592	13	72.15	TRUE
95	579	3	10.95	TRUE
95	566	14	31.78	TRUE
95	552	11	52.47	TRUE
95	517	7	71.89	TRUE
95	475	10	66.30	TRUE
95	467	3	9.54	TRUE
95	429	11	112.42	TRUE
95	378	15	30.15	TRUE
95	368	6	27.60	TRUE
95	356	7	118.30	TRUE
95	355	7	39.69	TRUE
95	354	13	61.88	TRUE
95	352	12	101.64	TRUE
95	337	8	87.84	TRUE
95	256	14	26.40	TRUE
95	247	8	104.64	TRUE
95	240	15	66.75	TRUE
95	229	15	132.90	TRUE
95	193	3	12.90	TRUE
95	185	6	20.10	TRUE
95	144	5	24.80	TRUE
95	138	14	73.80	TRUE
95	76	7	38.15	TRUE
95	16	15	134.55	TRUE
95	6	9	155.70	TRUE
96	611	5	61.30	TRUE
96	550	13	17.94	TRUE
96	380	9	113.76	TRUE
96	1032	15	56.25	TRUE
96	1288	14	49.28	TRUE
96	1026	22	155.10	TRUE
96	468	18	164.34	TRUE
96	1	24	100.80	TRUE
96	866	28	267.40	TRUE
96	682	20	33.20	TRUE
96	654	21	105.21	TRUE
96	127	21	115.80	TRUE
96	535	23	379.73	TRUE
96	1225	20	134.20	TRUE
96	1063	32	322.88	TRUE
96	659	14	109.34	TRUE
96	1368	8	72.80	TRUE
96	1001	14	61.32	TRUE
96	912	22	153.78	TRUE
96	346	17	255.17	TRUE
96	1429	26	132.80	TRUE
96	817	31	192.82	TRUE
96	568	19	153.33	TRUE
96	1070	19	50.92	TRUE
96	1280	14	234.22	TRUE
96	126	9	79.11	TRUE
96	269	7	110.53	TRUE
96	1375	13	106.99	TRUE
96	1122	11	61.27	TRUE
96	1379	31	270.63	TRUE
96	1144	17	53.72	TRUE
96	1146	8	64.64	TRUE
96	1135	13	82.68	TRUE
96	218	9	132.30	TRUE
96	152	11	22.66	TRUE
96	1239	2	7.52	TRUE
96	1134	9	47.25	TRUE
96	1296	10	38.80	TRUE
97	1134	3	15.75	TRUE
97	682	17	28.22	TRUE
97	152	12	24.72	TRUE
97	1026	24	169.20	TRUE
97	127	9	49.32	TRUE
97	1375	11	90.53	TRUE
97	1379	4	34.92	TRUE
97	126	14	123.60	TRUE
97	535	11	181.61	TRUE
97	468	13	118.69	TRUE
97	269	8	126.32	TRUE
97	912	9	62.91	TRUE
97	380	7	88.48	TRUE
97	1190	9	104.67	TRUE
97	659	1	7.81	TRUE
97	1239	18	67.68	TRUE
97	1146	11	88.88	TRUE
97	1429	11	55.88	TRUE
97	611	14	171.64	TRUE
97	866	14	133.70	TRUE
97	550	22	30.36	TRUE
97	1070	12	32.16	TRUE
97	1032	14	52.50	TRUE
97	1001	23	100.74	TRUE
97	1144	4	12.64	TRUE
97	1225	11	73.81	TRUE
97	1368	18	163.80	TRUE
97	1063	8	80.72	TRUE
97	346	5	75.50	TRUE
97	817	17	105.74	TRUE
97	568	11	88.77	TRUE
97	1	6	25.20	TRUE
97	1288	6	21.12	TRUE
97	1280	7	117.11	TRUE
97	218	1	14.70	TRUE
97	1122	6	33.42	TRUE
97	654	11	55.11	TRUE
97	1296	6	23.28	TRUE
98	1144	15	47.40	TRUE
98	1379	26	226.98	TRUE
98	817	21	130.62	TRUE
98	1368	9	81.90	TRUE
98	682	7	11.62	TRUE
98	1190	11	127.93	TRUE
98	127	14	76.72	TRUE
98	1070	16	42.88	TRUE
98	269	18	284.22	TRUE
98	1429	8	40.64	TRUE
98	568	19	153.33	TRUE
98	468	10	91.30	TRUE
98	218	25	367.50	TRUE
98	1134	11	57.75	TRUE
98	1239	12	45.12	TRUE
98	611	21	257.46	TRUE
98	1063	16	161.44	TRUE
98	1	15	63.00	TRUE
98	448	9	40.77	TRUE
98	1146	28	226.24	TRUE
98	550	11	15.18	TRUE
98	912	22	153.78	TRUE
98	1135	15	95.40	TRUE
98	380	13	164.32	TRUE
98	1001	26	113.88	TRUE
98	126	14	123.60	TRUE
98	562	9	22.95	TRUE
98	1375	2	16.46	TRUE
98	152	6	12.36	TRUE
98	866	9	85.95	TRUE
98	1225	14	93.94	TRUE
98	1296	11	42.68	TRUE
98	1032	14	52.50	TRUE
98	535	11	181.61	TRUE
98	1288	12	42.24	TRUE
98	346	13	195.13	TRUE
98	1122	19	105.83	TRUE
98	1280	1	16.73	TRUE
98	975	9	10.62	TRUE
98	1026	7	49.35	TRUE
98	654	2	10.20	TRUE
98	512	5	38.15	TRUE
98	363	8	65.68	TRUE
98	858	7	118.23	TRUE
98	1037	8	38.80	TRUE
98	659	5	39.50	TRUE
98	1191	5	28.20	TRUE
98	1213	3	16.86	TRUE
98	265	2	5.94	TRUE
98	736	5	71.60	TRUE
99	363	5	41.50	TRUE
99	1122	3	16.71	TRUE
99	265	6	17.82	TRUE
99	127	5	27.40	TRUE
99	568	4	32.28	TRUE
99	48	4	72.24	TRUE
99	346	2	30.20	TRUE
99	1191	1	5.64	TRUE
99	550	2	2.76	TRUE
99	659	3	23.43	TRUE
99	817	5	31.10	TRUE
99	1001	4	17.52	TRUE
99	269	5	78.95	TRUE
99	1070	3	8.40	TRUE
99	512	2	15.26	TRUE
99	1144	9	28.44	TRUE
99	1146	5	40.40	TRUE
99	1026	2	14.10	TRUE
99	380	4	50.56	TRUE
99	1135	3	19.80	TRUE
99	1	4	16.80	TRUE
99	736	6	85.92	TRUE
99	1239	3	11.28	TRUE
99	1213	4	22.48	TRUE
100	1037	8	38.80	TRUE
100	1429	2	10.16	TRUE
100	363	10	82.10	TRUE
100	1379	4	34.92	TRUE
100	1225	1	6.71	TRUE
100	1375	3	24.69	TRUE
100	866	4	38.20	TRUE
100	736	1	14.32	TRUE
100	1	1	4.20	TRUE
100	512	3	22.89	TRUE
100	1213	3	16.86	TRUE
100	550	4	5.52	TRUE
100	346	5	75.50	TRUE
100	654	5	25.50	TRUE
100	975	3	3.54	TRUE
100	1368	2	18.20	TRUE
100	1280	4	66.92	TRUE
100	380	4	50.56	TRUE
101	1213	1	5.62	TRUE
101	659	1	7.81	TRUE
101	1368	12	109.20	TRUE
101	1032	5	18.75	TRUE
101	1144	8	25.28	TRUE
101	1379	4	34.92	TRUE
101	568	3	24.21	TRUE
101	126	4	35.16	TRUE
101	1429	6	30.48	TRUE
101	704	5	72.65	TRUE
101	311	1	1.16	TRUE
101	550	10	13.80	TRUE
101	1225	1	6.71	TRUE
101	682	2	3.32	TRUE
101	1146	6	48.48	TRUE
101	346	2	30.20	TRUE
101	1070	3	8.40	TRUE
101	265	5	14.85	TRUE
101	152	4	8.24	TRUE
101	1191	5	28.20	TRUE
101	957	1	11.51	TRUE
101	1375	8	65.84	TRUE
101	1296	5	19.40	TRUE
101	1288	9	31.68	TRUE
101	1280	11	184.30	TRUE
101	1239	5	18.80	TRUE
102	1225	5	33.55	TRUE
102	1213	5	28.10	TRUE
102	1191	4	22.56	TRUE
102	1190	10	116.30	TRUE
102	1146	3	24.24	TRUE
102	1144	2	6.32	TRUE
102	1135	10	63.60	TRUE
102	1134	8	42.00	TRUE
102	1122	14	77.98	TRUE
102	1070	1	2.68	TRUE
102	1063	9	90.81	TRUE
102	1037	7	33.32	TRUE
102	1032	6	22.50	TRUE
102	1026	13	91.65	TRUE
102	1001	4	17.52	TRUE
102	975	6	7.80	TRUE
102	957	13	149.63	TRUE
102	942	11	95.40	TRUE
102	912	2	13.98	TRUE
102	866	12	114.60	TRUE
102	858	14	236.46	TRUE
102	817	10	62.20	TRUE
102	736	5	71.60	TRUE
102	704	1	14.53	TRUE
102	682	11	18.26	TRUE
102	659	5	39.50	TRUE
103	654	5	25.50	TRUE
103	611	10	122.60	TRUE
103	568	1	8.70	TRUE
103	562	13	33.15	TRUE
103	550	11	15.18	TRUE
104	535	5	82.55	TRUE
104	512	12	91.56	TRUE
104	468	4	36.52	TRUE
104	448	8	36.24	TRUE
104	380	15	189.60	TRUE
104	363	4	32.84	TRUE
104	346	3	45.30	TRUE
105	311	7	8.12	TRUE
105	269	14	221.60	TRUE
105	265	10	29.70	TRUE
106	218	12	176.40	TRUE
106	152	10	20.60	TRUE
106	127	8	43.84	TRUE
106	126	14	123.60	TRUE
106	48	15	270.90	TRUE
107	1	10	42.00	TRUE
108	1215	23	299.92	TRUE
108	1390	21	61.95	TRUE
108	538	10	96.60	TRUE
108	685	32	414.40	TRUE
108	1354	10	90.30	TRUE
108	725	23	367.54	TRUE
108	962	21	130.83	TRUE
108	1283	19	94.50	TRUE
108	406	20	207.40	TRUE
108	153	12	165.60	TRUE
108	1421	22	32.56	TRUE
108	128	22	145.64	TRUE
108	1228	11	115.50	TRUE
108	1220	18	211.86	TRUE
108	137	31	517.39	TRUE
108	621	20	163.80	TRUE
108	922	18	69.48	TRUE
108	886	48	617.28	TRUE
108	1132	8	42.96	TRUE
108	407	22	128.92	TRUE
108	64	15	117.90	TRUE
108	1064	17	126.99	TRUE
108	842	24	346.80	TRUE
108	1171	17	152.32	TRUE
108	213	15	45.90	TRUE
108	140	20	71.40	TRUE
108	1188	17	119.51	TRUE
108	1010	18	123.30	TRUE
108	970	12	15.36	TRUE
108	1402	9	77.22	TRUE
108	1074	22	198.66	TRUE
108	330	34	381.82	TRUE
108	270	22	225.28	TRUE
108	1016	17	103.53	TRUE
108	1130	22	187.66	TRUE
108	1126	7	90.90	TRUE
108	1310	8	145.44	TRUE
108	788	24	262.80	TRUE
108	146	7	33.95	TRUE
108	686	19	139.46	TRUE
108	324	4	62.68	TRUE
108	873	10	57.50	TRUE
108	353	1	17.13	TRUE
109	1188	3	21.90	TRUE
109	146	2	9.70	TRUE
109	1402	1	8.58	TRUE
109	686	5	36.70	TRUE
109	962	3	18.69	TRUE
109	1310	5	90.90	TRUE
109	788	5	54.75	TRUE
109	140	4	14.28	TRUE
109	886	9	115.74	TRUE
109	1074	5	45.15	TRUE
109	324	2	31.34	TRUE
109	406	2	20.74	TRUE
109	725	4	63.92	TRUE
109	538	2	19.32	TRUE
109	1016	1	6.90	TRUE
109	407	5	29.30	TRUE
110	213	9	27.54	TRUE
110	685	2	25.90	TRUE
110	128	3	19.86	TRUE
110	1130	12	102.36	TRUE
110	1132	3	16.11	TRUE
110	137	4	66.76	TRUE
110	1064	13	97.11	TRUE
110	1220	3	35.31	TRUE
110	1421	4	5.92	TRUE
110	324	2	31.34	TRUE
110	330	14	157.22	TRUE
110	353	5	85.65	TRUE
110	1126	3	38.61	TRUE
110	1016	3	18.27	TRUE
110	922	1	3.86	TRUE
110	146	4	19.40	TRUE
110	1074	5	45.15	TRUE
110	407	7	41.20	TRUE
110	406	2	20.74	TRUE
110	1010	7	47.95	TRUE
110	270	5	51.20	TRUE
110	842	5	72.10	TRUE
110	621	8	65.52	TRUE
110	1188	7	49.21	TRUE
110	1390	4	11.80	TRUE
110	1310	5	90.90	TRUE
110	1283	4	19.80	TRUE
110	886	2	25.72	TRUE
110	788	4	43.80	TRUE
110	1171	2	17.92	TRUE
110	970	1	1.28	TRUE
110	1228	3	31.50	TRUE
110	64	2	15.72	TRUE
111	788	15	164.25	TRUE
111	406	22	228.14	TRUE
111	1390	29	85.55	TRUE
111	270	12	122.88	TRUE
111	1126	20	257.40	TRUE
111	970	15	19.20	TRUE
111	137	15	250.35	TRUE
111	1130	13	110.89	TRUE
111	1215	12	156.48	TRUE
111	146	10	48.50	TRUE
111	1016	19	115.71	TRUE
111	153	29	400.20	TRUE
111	1276	15	171.15	TRUE
111	538	12	115.92	TRUE
111	430	16	42.72	TRUE
111	922	19	73.34	TRUE
111	128	9	59.58	TRUE
111	213	18	55.80	TRUE
111	1402	12	102.96	TRUE
111	686	15	110.10	TRUE
111	842	7	100.94	TRUE
111	330	15	168.45	TRUE
111	1220	15	176.55	TRUE
111	1283	20	99.00	TRUE
111	725	11	175.78	TRUE
111	1228	18	189.00	TRUE
111	64	19	149.34	TRUE
111	1010	11	75.35	TRUE
111	353	13	222.69	TRUE
111	407	16	93.76	TRUE
111	1132	27	144.99	TRUE
111	1421	32	47.36	TRUE
111	1171	4	35.84	TRUE
111	140	17	60.69	TRUE
111	1064	14	104.58	TRUE
111	523	13	109.59	TRUE
111	685	12	155.40	TRUE
111	886	7	90.20	TRUE
111	873	11	63.25	TRUE
111	1074	8	72.24	TRUE
111	324	15	235.50	TRUE
111	1354	13	117.39	TRUE
111	998	9	72.90	TRUE
111	1188	13	91.39	TRUE
111	962	9	56.70	TRUE
111	1106	5	7.80	TRUE
111	1292	8	14.24	TRUE
111	202	6	45.78	TRUE
111	1318	2	2.40	TRUE
112	1292	2	3.56	TRUE
112	1301	5	75.40	TRUE
112	202	5	38.15	TRUE
112	1188	4	28.12	TRUE
112	430	5	13.35	TRUE
112	970	5	6.40	TRUE
112	962	4	24.92	TRUE
113	270	16	163.84	TRUE
113	1215	5	65.20	TRUE
113	146	21	101.85	TRUE
113	503	9	89.91	TRUE
113	137	5	83.45	TRUE
113	622	12	95.52	TRUE
113	1188	12	84.36	TRUE
113	1390	21	61.95	TRUE
113	1106	6	9.36	TRUE
113	621	10	81.90	TRUE
113	664	11	83.82	TRUE
113	1016	9	54.81	TRUE
113	1010	22	150.70	TRUE
113	886	12	154.32	TRUE
113	406	16	165.92	TRUE
113	1292	17	30.26	TRUE
113	202	16	122.80	TRUE
113	1126	18	231.66	TRUE
113	725	26	415.48	TRUE
113	538	12	115.92	TRUE
113	407	26	152.36	TRUE
113	1354	20	180.60	TRUE
113	998	11	89.10	TRUE
113	922	8	30.88	TRUE
113	962	9	56.70	TRUE
113	685	10	129.50	TRUE
113	523	6	50.58	TRUE
113	1421	12	17.76	TRUE
113	1402	12	102.96	TRUE
113	1318	15	15.30	TRUE
113	1310	4	72.72	TRUE
113	1301	12	180.96	TRUE
113	1300	12	49.68	TRUE
113	1283	8	39.60	TRUE
113	1276	13	148.33	TRUE
113	1228	15	157.50	TRUE
113	1220	9	105.93	TRUE
113	1171	15	134.40	TRUE
113	1141	2	13.54	TRUE
113	1132	10	53.70	TRUE
113	1130	10	85.30	TRUE
113	1074	4	36.12	TRUE
113	1064	10	74.70	TRUE
113	970	1	1.28	TRUE
113	873	3	17.25	TRUE
113	842	9	129.78	TRUE
113	788	11	120.45	TRUE
113	720	8	76.32	TRUE
113	686	4	29.36	TRUE
113	430	7	18.69	TRUE
113	353	11	188.43	TRUE
113	330	1	11.23	TRUE
113	324	13	203.71	TRUE
113	213	3	9.18	TRUE
113	153	3	41.40	TRUE
113	140	3	10.71	TRUE
114	137	11	183.59	TRUE
114	128	7	46.34	TRUE
115	64	3	23.58	TRUE
116	1156	31	141.50	TRUE
116	1412	42	382.20	TRUE
116	14	38	297.92	TRUE
116	656	35	417.90	TRUE
116	176	27	94.23	TRUE
116	732	39	223.47	TRUE
116	165	33	159.60	TRUE
116	1384	57	181.26	TRUE
116	1302	19	198.55	TRUE
116	1386	37	455.84	TRUE
116	306	37	434.75	TRUE
116	1109	46	875.38	TRUE
116	391	42	45.78	TRUE
116	850	27	84.51	TRUE
116	251	37	448.44	TRUE
116	1029	33	158.70	TRUE
116	729	22	338.36	TRUE
116	349	42	388.92	TRUE
116	350	44	177.76	TRUE
116	79	31	294.50	TRUE
116	637	50	423.00	TRUE
116	217	28	288.68	TRUE
116	831	40	620.40	TRUE
116	1360	27	239.76	TRUE
116	800	35	106.50	TRUE
116	296	26	318.76	TRUE
116	9	30	301.20	TRUE
116	194	25	298.50	TRUE
116	431	20	369.60	TRUE
116	168	33	135.63	TRUE
116	787	36	314.64	TRUE
116	739	19	123.12	TRUE
116	1007	22	281.16	TRUE
116	1311	14	43.54	TRUE
116	779	22	145.20	TRUE
116	743	11	32.12	TRUE
116	807	12	155.52	TRUE
116	225	15	21.90	TRUE
116	1025	11	196.57	TRUE
116	1024	11	60.61	TRUE
116	272	4	27.32	TRUE
116	1362	1	5.59	TRUE
116	573	7	79.10	TRUE
116	871	2	31.60	TRUE
116	1155	12	40.92	TRUE
116	589	6	20.16	TRUE
116	964	8	44.72	TRUE
116	1153	8	30.72	TRUE
116	1231	1	19.60	TRUE
116	1071	4	62.28	TRUE
117	1024	10	55.10	TRUE
117	1155	27	92.70	TRUE
117	437	16	141.92	TRUE
117	349	5	46.30	TRUE
117	272	13	88.79	TRUE
117	637	13	109.98	TRUE
117	168	17	69.87	TRUE
117	350	6	24.24	TRUE
117	732	9	51.57	TRUE
117	165	3	14.46	TRUE
117	589	11	36.96	TRUE
117	1412	27	245.70	TRUE
117	850	26	81.38	TRUE
117	1071	23	358.11	TRUE
117	729	16	246.80	TRUE
117	1360	19	168.72	TRUE
117	1311	16	49.76	TRUE
117	1231	21	411.60	TRUE
117	1007	16	204.48	TRUE
117	807	11	142.56	TRUE
117	1384	11	34.98	TRUE
117	485	13	154.70	TRUE
117	905	8	79.52	TRUE
117	296	3	36.78	TRUE
117	194	12	143.28	TRUE
117	787	8	69.92	TRUE
117	573	7	79.10	TRUE
117	1029	7	33.53	TRUE
117	1153	16	61.44	TRUE
117	391	10	10.90	TRUE
117	528	5	66.25	TRUE
117	964	9	50.31	TRUE
117	533	13	65.26	TRUE
117	14	7	54.88	TRUE
117	739	17	110.16	TRUE
117	800	4	12.12	TRUE
117	996	12	35.52	TRUE
117	1347	6	67.56	TRUE
117	9	3	30.12	TRUE
117	176	3	10.47	TRUE
117	1156	18	81.90	TRUE
117	251	5	60.60	TRUE
117	1386	8	98.56	TRUE
117	225	3	4.38	TRUE
117	896	6	8.70	TRUE
117	217	3	30.93	TRUE
117	266	2	10.84	TRUE
117	1109	9	171.27	TRUE
117	831	18	279.18	TRUE
117	306	3	35.25	TRUE
117	1025	15	268.50	TRUE
117	1302	7	73.15	TRUE
117	1362	3	16.77	TRUE
117	871	15	232.95	TRUE
117	779	7	46.20	TRUE
117	743	4	11.68	TRUE
117	656	11	131.34	TRUE
117	497	9	151.92	TRUE
118	431	8	147.84	TRUE
118	391	1	1.90	TRUE
118	350	2	8.80	TRUE
118	349	14	129.64	TRUE
118	306	4	47.00	TRUE
118	296	15	183.90	TRUE
118	286	5	5.40	TRUE
118	272	6	40.98	TRUE
118	266	6	32.52	TRUE
118	251	8	96.96	TRUE
118	225	9	13.14	TRUE
119	217	10	103.10	TRUE
119	194	7	83.58	TRUE
119	176	1	3.49	TRUE
119	168	12	49.32	TRUE
119	165	5	24.10	TRUE
119	79	7	66.50	TRUE
119	14	7	54.88	TRUE
119	9	12	120.48	TRUE
120	1260	25	107.00	TRUE
120	151	45	256.50	TRUE
120	931	18	143.46	TRUE
120	551	32	84.48	TRUE
120	1170	42	285.18	TRUE
120	519	39	397.41	TRUE
120	113	51	820.59	TRUE
120	396	26	407.16	TRUE
120	927	39	386.10	TRUE
120	1234	34	388.96	TRUE
120	416	28	126.28	TRUE
120	572	27	169.83	TRUE
120	1185	29	249.98	TRUE
120	902	32	62.40	TRUE
120	826	30	401.70	TRUE
120	1373	22	67.76	TRUE
120	1403	32	235.84	TRUE
120	1394	41	234.52	TRUE
120	209	34	445.74	TRUE
120	1002	22	219.78	TRUE
120	1030	19	131.48	TRUE
120	559	16	114.24	TRUE
120	1330	60	438.00	TRUE
120	803	29	159.21	TRUE
120	338	30	94.50	TRUE
120	110	49	350.84	TRUE
120	89	39	131.43	TRUE
120	74	11	171.82	TRUE
120	1273	11	177.43	TRUE
120	827	26	182.52	TRUE
120	986	13	91.39	TRUE
120	1021	41	603.52	TRUE
120	1370	29	33.64	TRUE
120	376	18	178.20	TRUE
120	19	32	188.48	TRUE
120	1411	20	44.80	TRUE
120	227	27	228.96	TRUE
120	812	43	251.55	TRUE
120	292	36	160.20	TRUE
120	212	15	140.25	TRUE
120	757	27	333.72	TRUE
120	1226	18	66.96	TRUE
120	978	22	119.46	TRUE
120	968	13	57.59	TRUE
120	1015	8	25.28	TRUE
120	710	9	77.13	TRUE
120	508	9	71.46	TRUE
120	1023	4	18.00	TRUE
121	931	2	15.94	TRUE
121	376	9	89.10	TRUE
121	1015	12	37.92	TRUE
121	953	4	53.00	TRUE
121	495	8	35.76	TRUE
121	209	2	26.22	TRUE
121	292	6	26.70	TRUE
121	551	1	2.64	TRUE
121	826	5	66.95	TRUE
121	710	7	59.99	TRUE
121	1260	7	29.96	TRUE
121	1002	6	59.94	TRUE
121	416	7	31.57	TRUE
121	902	2	3.90	TRUE
121	227	4	33.92	TRUE
121	1273	3	48.39	TRUE
121	694	5	82.10	TRUE
121	572	2	12.58	TRUE
121	1330	5	36.50	TRUE
121	978	3	16.29	TRUE
121	1234	3	34.32	TRUE
121	986	5	35.15	TRUE
121	559	2	14.28	TRUE
121	212	1	9.35	TRUE
121	508	4	31.76	TRUE
121	338	4	12.60	TRUE
121	110	4	28.64	TRUE
121	19	4	23.56	TRUE
121	1170	2	13.58	TRUE
121	396	4	62.64	TRUE
122	151	9	51.21	TRUE
122	519	10	101.90	TRUE
122	508	10	79.40	TRUE
122	1370	3	3.48	TRUE
122	1015	18	56.88	TRUE
122	986	5	35.15	TRUE
122	710	8	68.56	TRUE
122	694	8	131.36	TRUE
122	416	4	18.40	TRUE
122	209	18	235.98	TRUE
122	495	5	22.35	TRUE
122	227	3	25.44	TRUE
122	1234	2	22.88	TRUE
122	1330	8	58.40	TRUE
122	826	7	93.73	TRUE
122	338	5	15.75	TRUE
122	812	4	23.40	TRUE
122	1170	5	33.95	TRUE
122	110	8	57.28	TRUE
122	1226	2	7.44	TRUE
122	74	1	15.62	TRUE
122	1411	6	13.44	TRUE
122	1273	2	32.26	TRUE
122	89	14	47.18	TRUE
122	978	9	48.87	TRUE
122	1030	4	27.68	TRUE
122	902	15	29.25	TRUE
122	19	8	47.12	TRUE
122	827	5	35.10	TRUE
122	974	3	10.56	TRUE
122	968	6	26.58	TRUE
122	551	8	21.12	TRUE
122	1151	6	80.88	TRUE
122	292	3	13.35	TRUE
122	1403	6	44.22	TRUE
122	113	3	48.27	TRUE
122	1260	9	38.52	TRUE
123	294	12	86.28	TRUE
123	495	18	80.46	TRUE
123	227	16	135.68	TRUE
123	953	17	225.25	TRUE
123	338	11	34.65	TRUE
123	1021	25	368.00	TRUE
123	74	8	124.96	TRUE
123	113	26	418.34	TRUE
123	376	10	99.00	TRUE
123	19	2	11.78	TRUE
123	826	3	40.17	TRUE
123	827	12	84.24	TRUE
123	931	18	143.46	TRUE
123	812	19	111.15	TRUE
123	1403	4	29.48	TRUE
123	110	10	71.60	TRUE
123	1260	14	59.92	TRUE
123	396	21	328.86	TRUE
123	1234	17	194.48	TRUE
123	1030	16	110.72	TRUE
123	1151	19	256.12	TRUE
123	1370	10	11.60	TRUE
123	1411	9	20.16	TRUE
123	710	5	42.85	TRUE
123	508	17	134.98	TRUE
123	89	20	67.40	TRUE
123	1330	14	102.20	TRUE
123	940	13	69.68	TRUE
123	212	16	149.60	TRUE
123	416	12	54.12	TRUE
123	1015	15	47.40	TRUE
123	978	4	21.72	TRUE
123	986	11	77.33	TRUE
123	974	15	52.80	TRUE
123	584	17	194.48	TRUE
123	559	7	49.98	TRUE
123	803	18	98.82	TRUE
123	1170	3	20.37	TRUE
123	1226	12	44.64	TRUE
123	968	21	93.30	TRUE
123	1044	14	109.76	TRUE
123	927	14	138.60	TRUE
123	572	8	50.32	TRUE
123	151	6	34.14	TRUE
123	662	21	288.75	TRUE
123	1023	13	58.50	TRUE
123	1002	16	159.84	TRUE
123	1394	1	5.72	TRUE
123	1373	8	24.64	TRUE
123	1273	15	241.95	TRUE
123	1185	10	86.20	TRUE
123	902	1	1.95	TRUE
123	846	2	7.48	TRUE
123	757	3	37.80	TRUE
123	694	14	229.88	TRUE
123	551	4	10.56	TRUE
123	519	15	152.85	TRUE
123	424	1	4.80	TRUE
123	292	11	48.95	TRUE
123	209	4	52.44	TRUE
124	74	2	31.24	TRUE
124	19	2	11.78	TRUE
125	674	47	55.93	TRUE
125	106	57	203.49	TRUE
125	36	34	101.66	TRUE
125	1290	55	189.75	TRUE
125	211	28	189.28	TRUE
125	913	40	540.00	TRUE
125	1428	21	73.29	TRUE
125	433	39	269.88	TRUE
125	1128	48	187.68	TRUE
125	1233	64	220.16	TRUE
125	473	40	532.80	TRUE
125	116	56	71.68	TRUE
125	889	39	319.41	TRUE
125	54	22	128.70	TRUE
125	510	22	283.14	TRUE
125	1107	57	374.49	TRUE
125	833	39	86.97	TRUE
125	1009	40	330.80	TRUE
125	612	14	101.22	TRUE
125	402	41	715.86	TRUE
125	1344	31	435.86	TRUE
125	358	29	140.36	TRUE
125	231	43	295.41	TRUE
125	1309	40	124.80	TRUE
125	307	44	404.80	TRUE
125	499	55	542.85	TRUE
125	1303	37	276.39	TRUE
125	917	21	313.95	TRUE
125	982	38	280.44	TRUE
125	35	49	171.50	TRUE
125	459	21	131.40	TRUE
125	1014	30	96.60	TRUE
125	1346	41	171.79	TRUE
125	1238	45	102.60	TRUE
125	969	49	235.20	TRUE
125	411	42	145.74	TRUE
125	586	27	119.70	TRUE
125	1313	15	80.40	TRUE
125	1336	40	97.20	TRUE
125	452	20	283.20	TRUE
125	609	19	82.27	TRUE
125	617	7	30.45	TRUE
125	450	13	68.51	TRUE
125	746	7	40.40	TRUE
125	1266	6	16.56	TRUE
125	438	5	82.15	TRUE
125	12	6	92.16	TRUE
125	1345	1	1.45	TRUE
125	192	13	41.47	TRUE
125	718	5	53.50	TRUE
126	459	29	180.96	TRUE
126	1107	17	111.69	TRUE
126	950	4	51.48	TRUE
126	116	13	16.64	TRUE
126	452	24	339.84	TRUE
126	765	5	50.80	TRUE
126	36	8	23.92	TRUE
126	1428	15	52.35	TRUE
126	35	3	10.50	TRUE
126	450	8	42.16	TRUE
126	1290	18	62.10	TRUE
126	159	22	64.90	TRUE
126	12	3	46.80	TRUE
126	54	16	93.60	TRUE
126	411	24	83.28	TRUE
126	1346	6	25.14	TRUE
126	620	17	98.60	TRUE
126	211	12	81.12	TRUE
126	617	9	39.15	TRUE
126	917	26	388.70	TRUE
126	438	7	115.10	TRUE
126	1313	14	75.40	TRUE
126	231	17	116.79	TRUE
126	609	19	82.27	TRUE
126	1309	17	53.40	TRUE
126	1009	15	124.50	TRUE
126	889	24	196.56	TRUE
126	1014	13	41.86	TRUE
126	473	30	399.60	TRUE
126	674	2	2.38	TRUE
126	969	5	24.00	TRUE
126	1128	12	46.92	TRUE
126	358	6	29.40	TRUE
126	106	9	32.13	TRUE
126	746	8	45.76	TRUE
126	586	9	39.69	TRUE
126	1238	11	25.80	TRUE
126	186	7	50.61	TRUE
126	1233	13	44.72	TRUE
126	1336	16	38.88	TRUE
126	1344	6	84.36	TRUE
126	180	19	100.13	TRUE
126	510	6	77.22	TRUE
126	234	14	127.82	TRUE
126	612	15	108.45	TRUE
126	307	13	119.60	TRUE
126	1345	5	7.25	TRUE
126	1303	3	22.41	TRUE
126	1266	14	38.64	TRUE
126	1142	7	43.54	TRUE
126	982	3	22.14	TRUE
126	913	10	135.00	TRUE
126	833	11	24.53	TRUE
126	718	7	74.27	TRUE
126	499	12	118.44	TRUE
126	490	8	90.16	TRUE
126	442	9	76.14	TRUE
126	433	10	69.20	TRUE
126	402	14	244.44	TRUE
126	232	2	22.80	TRUE
126	192	9	28.71	TRUE
127	36	14	41.86	TRUE
127	35	1	3.50	TRUE
127	12	13	199.68	TRUE
128	1061	7	44.52	TRUE
128	230	7	68.74	TRUE
128	385	14	183.54	TRUE
128	1383	13	107.77	TRUE
128	688	14	93.24	TRUE
128	336	11	122.76	TRUE
128	721	19	21.85	TRUE
128	1116	14	100.94	TRUE
128	1078	13	144.40	TRUE
128	616	6	37.92	TRUE
128	2	14	122.22	TRUE
128	1385	16	76.80	TRUE
128	901	10	120.80	TRUE
128	366	16	147.52	TRUE
128	395	13	190.32	TRUE
128	1198	11	68.53	TRUE
128	920	11	66.88	TRUE
128	1211	4	9.24	TRUE
128	716	10	184.80	TRUE
128	1221	19	190.19	TRUE
128	515	12	202.80	TRUE
128	82	17	65.79	TRUE
128	1048	4	27.28	TRUE
128	1327	9	10.89	TRUE
128	1201	3	4.17	TRUE
128	42	15	35.70	TRUE
128	772	2	32.74	TRUE
128	72	9	28.80	TRUE
128	332	5	32.10	TRUE
128	41	1	11.40	TRUE
129	2	27	235.71	TRUE
129	1385	7	33.60	TRUE
129	1198	25	155.75	TRUE
129	920	28	170.24	TRUE
129	41	26	296.40	TRUE
129	1061	12	76.32	TRUE
129	1221	38	380.38	TRUE
129	1201	25	34.75	TRUE
129	1048	32	218.24	TRUE
129	230	23	225.86	TRUE
129	42	13	30.94	TRUE
129	395	42	614.88	TRUE
129	1211	21	48.51	TRUE
129	688	41	273.60	TRUE
129	721	19	21.85	TRUE
129	680	10	144.80	TRUE
129	1116	33	237.93	TRUE
129	366	23	212.60	TRUE
129	772	23	376.51	TRUE
129	1398	28	123.48	TRUE
129	1078	17	188.36	TRUE
129	385	26	340.86	TRUE
129	1383	15	124.35	TRUE
129	901	27	326.16	TRUE
129	716	21	388.80	TRUE
129	616	26	164.32	TRUE
129	1327	15	18.15	TRUE
129	125	16	124.32	TRUE
129	82	33	127.71	TRUE
129	515	23	388.70	TRUE
129	328	18	193.68	TRUE
129	336	24	267.84	TRUE
129	72	10	32.00	TRUE
129	504	17	160.48	TRUE
129	764	8	80.96	TRUE
129	50	16	41.44	TRUE
129	1255	11	76.45	TRUE
129	332	6	38.52	TRUE
129	1223	16	191.40	TRUE
129	224	8	83.76	TRUE
129	742	9	37.80	TRUE
129	1046	3	21.75	TRUE
130	680	16	231.68	TRUE
130	764	8	80.96	TRUE
130	366	5	46.10	TRUE
130	504	3	28.32	TRUE
130	1327	3	3.63	TRUE
130	50	8	20.72	TRUE
130	1221	12	120.12	TRUE
130	863	14	135.94	TRUE
130	230	13	127.66	TRUE
130	224	6	62.82	TRUE
130	1383	8	66.32	TRUE
130	901	12	144.96	TRUE
130	42	4	9.52	TRUE
130	395	1	14.64	TRUE
130	1116	16	115.36	TRUE
130	41	5	57.00	TRUE
130	1223	4	47.76	TRUE
130	688	10	66.60	TRUE
130	742	6	24.72	TRUE
130	1040	6	9.30	TRUE
130	1201	17	23.63	TRUE
130	1048	6	40.92	TRUE
130	721	4	4.60	TRUE
130	385	4	52.44	TRUE
130	1078	7	77.56	TRUE
130	1255	18	125.10	TRUE
130	1061	8	50.88	TRUE
130	772	6	98.22	TRUE
130	1211	12	27.72	TRUE
130	1398	7	30.87	TRUE
130	332	6	38.52	TRUE
130	470	5	28.60	TRUE
130	336	22	245.52	TRUE
130	661	5	17.90	TRUE
130	419	9	11.43	TRUE
130	2	5	43.65	TRUE
130	1198	13	80.99	TRUE
130	125	4	31.80	TRUE
130	515	8	135.20	TRUE
130	72	8	25.60	TRUE
130	616	8	50.56	TRUE
130	716	5	92.40	TRUE
130	343	4	56.76	TRUE
130	1046	7	50.75	TRUE
130	1325	2	16.82	TRUE
130	679	11	88.99	TRUE
130	1385	5	24.00	TRUE
130	723	7	111.20	TRUE
130	1138	1	8.76	TRUE
131	332	1	6.42	TRUE
131	1383	13	107.77	TRUE
131	125	5	38.85	TRUE
131	50	4	10.36	TRUE
131	366	3	27.66	TRUE
131	1398	7	30.87	TRUE
131	1385	5	24.00	TRUE
131	1327	15	18.15	TRUE
131	1325	10	84.10	TRUE
131	1255	3	20.85	TRUE
131	1223	12	143.28	TRUE
131	1221	1	10.10	TRUE
131	1211	14	32.34	TRUE
131	1201	4	5.56	TRUE
131	1198	15	93.45	TRUE
131	1143	3	21.87	TRUE
131	1138	8	70.80	TRUE
131	1116	11	79.31	TRUE
131	1078	8	88.64	TRUE
131	1061	6	38.16	TRUE
131	1048	1	6.82	TRUE
131	1046	6	43.50	TRUE
131	1040	10	15.50	TRUE
131	920	2	12.16	TRUE
131	901	3	36.24	TRUE
131	863	2	19.42	TRUE
131	772	2	32.74	TRUE
131	764	6	60.72	TRUE
131	742	8	32.96	TRUE
131	723	3	47.58	TRUE
131	721	4	4.60	TRUE
131	716	6	110.88	TRUE
131	703	5	11.15	TRUE
131	688	7	46.62	TRUE
131	680	7	101.36	TRUE
132	679	15	121.35	TRUE
132	661	11	39.38	TRUE
132	632	10	36.80	TRUE
132	616	9	56.88	TRUE
132	515	12	202.80	TRUE
132	504	14	132.16	TRUE
132	470	11	62.92	TRUE
132	419	11	13.97	TRUE
132	385	12	157.32	TRUE
132	366	11	101.42	TRUE
132	343	3	42.57	TRUE
132	336	2	22.32	TRUE
133	332	6	38.52	TRUE
133	328	8	86.80	TRUE
133	230	15	147.30	TRUE
133	224	4	41.88	TRUE
133	111	4	24.28	TRUE
133	82	12	46.44	TRUE
133	72	11	35.20	TRUE
133	50	12	31.80	TRUE
133	42	10	23.80	TRUE
134	41	7	79.80	TRUE
135	2	12	104.76	TRUE
136	38	63	951.93	TRUE
136	759	68	669.12	TRUE
136	1267	49	323.89	TRUE
136	714	62	559.24	TRUE
136	302	84	337.68	TRUE
136	1176	67	300.83	TRUE
136	29	66	100.98	TRUE
136	68	47	168.73	TRUE
136	554	58	926.26	TRUE
136	1093	50	690.00	TRUE
136	408	49	482.65	TRUE
136	529	69	614.79	TRUE
136	284	54	524.88	TRUE
136	1235	63	718.20	TRUE
136	1187	62	450.12	TRUE
136	1343	47	104.34	TRUE
136	33	59	394.12	TRUE
136	935	43	287.24	TRUE
136	1079	70	1058.40	TRUE
136	781	43	64.70	TRUE
136	1077	37	522.81	TRUE
136	327	51	343.23	TRUE
136	651	30	228.30	TRUE
136	420	39	205.53	TRUE
136	606	48	308.16	TRUE
136	841	42	306.18	TRUE
136	435	60	261.00	TRUE
136	695	44	381.48	TRUE
136	949	32	271.68	TRUE
136	219	40	391.20	TRUE
136	235	51	228.99	TRUE
136	756	20	114.40	TRUE
136	339	47	344.51	TRUE
136	915	44	496.32	TRUE
136	534	30	135.30	TRUE
136	118	39	459.81	TRUE
136	530	50	487.50	TRUE
136	423	20	57.80	TRUE
136	708	34	218.96	TRUE
136	754	31	405.79	TRUE
136	527	16	101.92	TRUE
136	1115	14	115.92	TRUE
136	441	10	40.10	TRUE
136	160	19	228.57	TRUE
136	427	10	52.00	TRUE
136	618	16	199.84	TRUE
136	484	16	52.48	TRUE
136	409	18	279.72	TRUE
136	183	17	189.38	TRUE
136	90	13	46.20	TRUE
136	1163	25	169.50	TRUE
136	371	21	115.29	TRUE
136	489	9	82.98	TRUE
136	195	5	46.80	TRUE
136	187	14	158.34	TRUE
136	521	20	274.60	TRUE
136	1389	14	99.40	TRUE
136	678	8	15.76	TRUE
136	491	14	260.82	TRUE
137	90	13	46.20	TRUE
137	68	3	10.77	TRUE
138	38	4	60.44	TRUE
139	33	8	53.44	TRUE
140	29	1	1.53	TRUE
141	844	35	381.50	TRUE
141	421	44	74.36	TRUE
141	220	14	92.26	TRUE
141	388	42	180.18	TRUE
141	549	18	139.86	TRUE
141	908	26	116.48	TRUE
141	900	16	102.80	TRUE
141	1436	31	380.60	TRUE
141	847	46	416.30	TRUE
141	578	57	505.20	TRUE
141	66	38	76.76	TRUE
141	379	36	453.60	TRUE
141	722	41	161.95	TRUE
141	1252	34	607.24	TRUE
141	436	33	208.56	TRUE
141	414	32	222.80	TRUE
141	69	42	303.66	TRUE
141	676	14	71.54	TRUE
141	370	32	278.40	TRUE
141	1341	30	333.90	TRUE
141	1308	19	76.57	TRUE
141	253	31	188.48	TRUE
141	117	22	364.32	TRUE
141	1118	13	115.50	TRUE
141	49	21	24.57	TRUE
141	619	13	62.40	TRUE
141	926	35	144.20	TRUE
141	1424	14	90.58	TRUE
141	1075	23	335.11	TRUE
141	520	23	311.19	TRUE
141	155	27	226.26	TRUE
141	1006	21	85.26	TRUE
141	314	20	48.00	TRUE
141	1159	12	42.12	TRUE
141	258	8	30.24	TRUE
142	172	9	35.46	TRUE
142	388	16	68.64	TRUE
142	69	10	72.30	TRUE
142	847	17	153.85	TRUE
142	370	3	26.10	TRUE
142	900	7	44.66	TRUE
142	676	15	76.65	TRUE
142	117	12	198.72	TRUE
142	520	9	121.77	TRUE
142	49	21	24.57	TRUE
142	1252	11	196.46	TRUE
142	436	10	63.20	TRUE
142	1075	18	262.26	TRUE
142	1006	2	8.12	TRUE
142	314	18	43.20	TRUE
142	578	21	186.60	TRUE
142	844	7	76.30	TRUE
142	1424	19	122.93	TRUE
142	1159	9	31.59	TRUE
142	1118	13	115.50	TRUE
142	722	9	35.55	TRUE
142	253	8	48.64	TRUE
142	1308	9	36.27	TRUE
142	220	4	26.36	TRUE
142	66	11	22.22	TRUE
142	926	10	41.20	TRUE
142	155	10	83.80	TRUE
142	908	11	49.28	TRUE
142	421	11	18.59	TRUE
142	619	12	57.60	TRUE
142	549	13	101.10	TRUE
142	1341	8	89.40	TRUE
142	258	1	3.78	TRUE
142	379	9	113.40	TRUE
142	1436	5	61.30	TRUE
142	414	5	34.70	TRUE
142	819	5	66.20	TRUE
143	155	1	8.38	TRUE
143	69	5	36.15	TRUE
143	379	2	25.20	TRUE
143	1341	4	44.52	TRUE
143	414	6	41.64	TRUE
143	926	10	41.20	TRUE
143	1159	12	42.12	TRUE
143	1197	9	32.13	TRUE
143	117	7	115.92	TRUE
143	436	6	37.92	TRUE
143	421	1	1.69	TRUE
143	1006	5	20.30	TRUE
143	619	5	24.00	TRUE
143	1075	1	14.57	TRUE
143	908	6	26.88	TRUE
143	66	2	4.40	TRUE
143	1436	2	24.52	TRUE
143	258	2	7.56	TRUE
143	844	1	10.90	TRUE
143	983	3	18.84	TRUE
143	1308	5	20.15	TRUE
143	722	5	19.75	TRUE
143	847	8	72.40	TRUE
143	314	2	4.80	TRUE
144	220	1	6.59	TRUE
145	1159	7	24.57	TRUE
145	549	8	62.16	TRUE
145	172	2	7.88	TRUE
145	69	3	21.69	TRUE
145	1252	8	142.88	TRUE
145	544	8	12.48	TRUE
145	1075	6	87.42	TRUE
145	220	2	13.18	TRUE
145	66	8	16.16	TRUE
145	819	1	13.24	TRUE
145	578	5	44.30	TRUE
145	1197	10	35.70	TRUE
145	730	9	77.76	TRUE
145	414	2	13.88	TRUE
145	258	2	7.56	TRUE
145	253	4	24.32	TRUE
145	847	2	18.10	TRUE
145	370	9	78.30	TRUE
145	520	3	40.59	TRUE
145	1308	8	32.24	TRUE
145	1136	2	6.16	TRUE
145	1436	5	61.30	TRUE
145	844	1	10.90	TRUE
145	1424	5	32.35	TRUE
145	155	3	25.14	TRUE
145	289	5	19.10	TRUE
145	1341	6	66.78	TRUE
145	954	4	27.48	TRUE
145	314	5	12.00	TRUE
145	436	4	25.28	TRUE
145	872	4	67.76	TRUE
145	117	2	33.12	TRUE
145	722	1	3.95	TRUE
146	414	2	13.88	TRUE
146	421	1	1.69	TRUE
146	1252	8	142.88	TRUE
146	1118	8	70.80	TRUE
146	676	4	20.44	TRUE
146	983	15	94.20	TRUE
146	1424	8	51.76	TRUE
146	1436	3	36.78	TRUE
146	1341	8	89.40	TRUE
146	1308	9	36.27	TRUE
146	1197	9	32.13	TRUE
146	1169	11	94.16	TRUE
146	1159	8	28.80	TRUE
146	1136	8	24.64	TRUE
146	1075	15	218.55	TRUE
146	1006	12	48.72	TRUE
146	954	9	61.83	TRUE
146	926	12	49.44	TRUE
146	908	5	22.40	TRUE
146	900	8	51.40	TRUE
146	872	5	84.70	TRUE
146	847	7	63.35	TRUE
146	844	2	21.80	TRUE
146	819	9	119.16	TRUE
146	795	14	197.26	TRUE
146	730	8	69.12	TRUE
147	722	2	7.90	TRUE
147	676	11	56.21	TRUE
147	619	4	19.20	TRUE
147	578	5	44.30	TRUE
147	549	2	15.54	TRUE
147	544	5	7.80	TRUE
147	520	4	54.12	TRUE
147	516	4	31.76	TRUE
147	436	9	56.88	TRUE
147	421	9	15.21	TRUE
147	414	11	76.34	TRUE
147	388	9	38.61	TRUE
147	379	7	88.20	TRUE
147	370	7	60.90	TRUE
147	314	8	19.20	TRUE
147	289	12	45.84	TRUE
147	258	15	56.70	TRUE
147	253	11	66.88	TRUE
147	220	13	85.67	TRUE
147	172	9	35.46	TRUE
147	155	6	50.28	TRUE
147	117	11	182.16	TRUE
147	69	9	65.70	TRUE
147	66	15	30.30	TRUE
147	49	12	14.40	TRUE
148	1406	72	435.60	TRUE
148	46	21	131.46	TRUE
148	21	40	97.60	TRUE
148	971	45	239.40	TRUE
148	967	32	334.40	TRUE
148	601	58	207.64	TRUE
148	501	43	388.29	TRUE
148	914	67	829.46	TRUE
148	706	56	906.64	TRUE
148	1268	51	110.67	TRUE
148	1396	67	127.30	TRUE
148	1250	54	467.64	TRUE
148	97	11	44.55	TRUE
148	672	64	875.52	TRUE
148	869	35	291.55	TRUE
148	952	37	308.95	TRUE
148	1425	43	98.90	TRUE
148	640	49	427.28	TRUE
148	238	61	330.10	TRUE
148	250	75	258.75	TRUE
148	644	44	122.76	TRUE
148	891	46	587.88	TRUE
148	476	55	492.80	TRUE
148	749	42	54.18	TRUE
148	1272	53	274.54	TRUE
148	811	45	513.00	TRUE
148	439	60	473.40	TRUE
148	291	41	700.69	TRUE
148	98	25	238.50	TRUE
148	767	15	106.95	TRUE
148	492	23	50.60	TRUE
148	1000	27	167.67	TRUE
148	541	23	129.30	TRUE
148	7	16	126.80	TRUE
148	1317	31	473.60	TRUE
148	771	18	219.96	TRUE
148	899	13	57.70	TRUE
148	630	20	30.00	TRUE
148	167	11	73.92	TRUE
148	316	28	179.76	TRUE
148	810	21	103.74	TRUE
148	701	16	92.80	TRUE
148	463	15	50.40	TRUE
148	1263	3	16.98	TRUE
148	758	15	66.60	TRUE
148	702	3	6.15	TRUE
148	545	8	75.20	TRUE
148	103	3	35.46	TRUE
149	97	13	52.65	TRUE
150	46	6	37.56	TRUE
151	21	13	31.72	TRUE
152	7	13	102.44	TRUE
153	594	16	188.96	TRUE
153	27	31	132.68	TRUE
153	1149	30	133.20	TRUE
153	122	37	69.56	TRUE
153	1307	57	648.90	TRUE
153	1087	56	105.28	TRUE
153	1089	28	207.48	TRUE
153	387	21	65.10	TRUE
153	472	23	24.38	TRUE
153	553	32	349.44	TRUE
153	576	27	97.47	TRUE
153	1178	44	332.64	TRUE
153	77	27	178.20	TRUE
153	879	43	48.59	TRUE
153	403	24	163.92	TRUE
153	1090	36	627.84	TRUE
153	1099	14	91.70	TRUE
153	282	31	319.30	TRUE
153	120	25	180.75	TRUE
153	881	39	248.43	TRUE
153	163	24	425.52	TRUE
153	1286	21	21.84	TRUE
153	87	15	190.20	TRUE
153	432	33	264.33	TRUE
153	449	22	133.98	TRUE
153	1108	36	207.36	TRUE
153	333	34	293.80	TRUE
153	839	31	136.40	TRUE
153	147	33	233.97	TRUE
153	1357	18	42.84	TRUE
153	61	26	540.28	TRUE
153	222	32	319.36	TRUE
153	591	14	72.10	TRUE
153	999	21	62.37	TRUE
153	169	13	142.22	TRUE
153	681	7	31.71	TRUE
153	1161	21	223.23	TRUE
153	1435	14	181.30	TRUE
153	1084	11	65.34	TRUE
153	582	7	28.84	TRUE
153	558	9	110.88	TRUE
153	947	11	58.63	TRUE
153	88	5	33.30	TRUE
153	1256	16	83.52	TRUE
153	835	3	20.64	TRUE
154	163	3	53.19	TRUE
154	947	1	5.33	TRUE
154	403	21	143.43	TRUE
154	387	6	18.60	TRUE
154	594	5	59.50	TRUE
154	77	10	66.00	TRUE
154	1095	7	45.71	TRUE
154	120	8	57.84	TRUE
154	576	12	43.32	TRUE
154	449	8	48.72	TRUE
154	1256	16	83.52	TRUE
154	87	4	50.72	TRUE
154	582	4	16.48	TRUE
154	333	14	120.68	TRUE
154	147	5	35.45	TRUE
154	122	6	11.28	TRUE
154	553	10	109.20	TRUE
154	472	9	9.54	TRUE
154	999	13	38.61	TRUE
154	1307	4	45.48	TRUE
154	1161	10	106.30	TRUE
154	1286	6	6.24	TRUE
154	881	19	121.30	TRUE
154	839	3	13.20	TRUE
154	1089	9	66.69	TRUE
154	282	11	113.30	TRUE
154	1149	5	22.20	TRUE
154	1357	3	7.14	TRUE
154	763	9	44.10	TRUE
154	432	2	16.20	TRUE
154	1084	8	47.52	TRUE
154	1435	10	129.50	TRUE
154	681	5	22.65	TRUE
154	61	4	83.12	TRUE
154	1178	9	68.40	TRUE
154	169	16	175.40	TRUE
154	222	9	89.82	TRUE
154	178	3	34.86	TRUE
154	1210	7	85.61	TRUE
154	558	4	49.28	TRUE
154	879	7	7.91	TRUE
154	895	2	18.34	TRUE
154	1090	2	34.88	TRUE
154	1087	5	9.40	TRUE
154	1099	2	13.10	TRUE
154	88	2	13.32	TRUE
155	895	14	128.38	TRUE
155	1435	5	64.75	TRUE
155	881	17	108.29	TRUE
155	1161	8	85.40	TRUE
155	1095	8	52.24	TRUE
155	1286	4	4.16	TRUE
155	1099	4	26.20	TRUE
155	163	1	17.73	TRUE
155	122	6	11.28	TRUE
155	387	13	40.30	TRUE
155	1084	12	71.28	TRUE
155	449	2	12.18	TRUE
155	147	6	42.54	TRUE
155	77	6	39.60	TRUE
155	1108	5	28.80	TRUE
155	87	15	190.20	TRUE
155	222	4	39.92	TRUE
155	594	8	94.48	TRUE
155	472	6	6.36	TRUE
155	403	2	13.66	TRUE
155	763	8	39.20	TRUE
155	558	8	98.56	TRUE
155	27	10	42.80	TRUE
155	582	10	41.20	TRUE
155	486	16	252.96	TRUE
155	1307	11	125.70	TRUE
155	432	7	56.70	TRUE
155	4	5	34.40	TRUE
155	1104	5	24.80	TRUE
155	169	1	10.94	TRUE
155	835	2	13.76	TRUE
155	1149	7	31.80	TRUE
155	944	4	32.40	TRUE
155	11	4	12.12	TRUE
155	61	6	124.68	TRUE
155	591	12	61.80	TRUE
155	879	4	4.52	TRUE
155	1090	6	104.64	TRUE
155	1089	5	37.50	TRUE
155	999	3	8.91	TRUE
155	178	5	58.10	TRUE
155	101	4	8.60	TRUE
155	724	6	27.30	TRUE
155	1178	6	45.36	TRUE
155	947	3	15.99	TRUE
155	1177	3	12.27	TRUE
155	1256	10	52.20	TRUE
155	839	13	57.20	TRUE
155	88	1	6.66	TRUE
155	120	8	57.84	TRUE
155	3	7	54.60	TRUE
155	681	3	13.59	TRUE
155	1357	2	4.76	TRUE
155	1087	4	7.52	TRUE
155	719	8	55.60	TRUE
155	553	1	10.92	TRUE
156	333	18	155.16	TRUE
156	432	8	64.80	TRUE
156	1099	17	111.35	TRUE
156	763	6	29.40	TRUE
156	681	20	90.60	TRUE
156	77	2	13.20	TRUE
156	387	17	52.70	TRUE
156	1357	17	40.46	TRUE
156	576	2	7.22	TRUE
156	1095	8	52.24	TRUE
156	1435	8	103.60	TRUE
156	1307	4	45.48	TRUE
156	1286	13	13.52	TRUE
156	1256	14	73.80	TRUE
156	1210	3	36.69	TRUE
156	1178	1	7.56	TRUE
156	1177	7	28.63	TRUE
156	1161	3	31.89	TRUE
156	1149	1	4.44	TRUE
156	1108	4	23.40	TRUE
156	1104	5	24.80	TRUE
156	1090	14	244.16	TRUE
156	1089	6	44.46	TRUE
156	1087	14	26.32	TRUE
156	1084	6	35.64	TRUE
156	999	4	11.88	TRUE
156	947	2	10.66	TRUE
156	944	1	8.10	TRUE
156	895	5	45.85	TRUE
156	881	13	82.81	TRUE
156	879	2	2.26	TRUE
156	839	2	8.80	TRUE
156	835	8	55.40	TRUE
156	791	4	31.00	TRUE
156	724	4	18.20	TRUE
156	719	13	90.35	TRUE
156	594	5	59.50	TRUE
156	591	13	66.95	TRUE
156	582	15	61.80	TRUE
156	558	5	61.60	TRUE
156	553	5	54.60	TRUE
156	506	6	88.38	TRUE
156	486	8	126.48	TRUE
156	472	15	15.90	TRUE
156	456	8	93.12	TRUE
156	449	13	79.17	TRUE
156	403	4	27.32	TRUE
157	282	8	82.40	TRUE
157	222	13	129.74	TRUE
157	178	10	116.20	TRUE
157	169	8	87.52	TRUE
157	163	10	177.30	TRUE
157	147	13	92.17	TRUE
157	122	1	1.88	TRUE
157	120	10	72.30	TRUE
157	101	5	10.75	TRUE
157	88	12	79.92	TRUE
157	87	3	38.40	TRUE
157	77	4	26.40	TRUE
157	61	6	124.68	TRUE
157	27	12	51.36	TRUE
157	11	9	27.27	TRUE
157	4	7	48.16	TRUE
157	3	11	85.80	TRUE
158	814	23	25.30	TRUE
158	567	23	93.15	TRUE
158	587	35	656.60	TRUE
158	634	41	423.53	TRUE
158	365	36	128.16	TRUE
158	883	27	80.46	TRUE
158	928	10	98.80	TRUE
158	1306	30	275.70	TRUE
158	715	27	322.92	TRUE
158	526	24	101.28	TRUE
158	1083	30	393.60	TRUE
158	157	26	120.64	TRUE
158	808	34	348.84	TRUE
158	524	24	156.96	TRUE
158	1062	30	134.10	TRUE
158	139	23	181.70	TRUE
158	855	34	162.52	TRUE
158	1008	9	100.98	TRUE
158	613	33	118.47	TRUE
158	762	40	95.60	TRUE
158	932	27	204.93	TRUE
158	166	29	125.28	TRUE
158	860	26	411.60	TRUE
158	1222	13	80.99	TRUE
158	1392	19	99.37	TRUE
158	1400	9	39.42	TRUE
158	507	16	64.80	TRUE
158	1203	18	33.12	TRUE
158	1320	21	401.73	TRUE
158	976	17	131.58	TRUE
158	383	13	51.61	TRUE
158	477	12	150.12	TRUE
158	434	15	212.10	TRUE
158	171	4	14.52	TRUE
158	404	2	4.76	TRUE
158	631	13	104.39	TRUE
158	934	6	85.20	TRUE
159	526	18	75.96	TRUE
159	1306	11	101.90	TRUE
159	587	19	356.44	TRUE
159	365	19	67.64	TRUE
159	139	15	118.50	TRUE
159	928	23	227.24	TRUE
159	808	10	102.60	TRUE
159	934	21	298.20	TRUE
159	883	20	59.60	TRUE
159	166	16	69.12	TRUE
159	855	22	105.16	TRUE
159	762	11	26.29	TRUE
159	634	15	154.95	TRUE
159	631	12	96.36	TRUE
159	860	22	347.82	TRUE
159	567	5	20.25	TRUE
159	1392	22	115.60	TRUE
159	404	4	9.52	TRUE
159	878	16	116.00	TRUE
159	1062	14	62.58	TRUE
159	383	4	15.88	TRUE
159	1400	16	70.80	TRUE
159	814	6	6.60	TRUE
159	157	12	55.68	TRUE
159	1222	10	62.30	TRUE
159	976	9	69.66	TRUE
159	1083	16	209.92	TRUE
159	715	14	167.44	TRUE
159	477	6	75.60	TRUE
159	574	2	25.56	TRUE
159	1008	17	190.74	TRUE
159	613	16	57.44	TRUE
159	1320	11	210.43	TRUE
159	932	9	68.31	TRUE
159	524	5	32.70	TRUE
159	171	9	32.67	TRUE
159	507	10	40.50	TRUE
159	434	13	183.82	TRUE
159	381	8	108.72	TRUE
159	1017	3	18.60	TRUE
159	1413	4	39.16	TRUE
159	1203	16	29.44	TRUE
159	862	14	51.24	TRUE
159	943	3	36.81	TRUE
159	277	7	74.34	TRUE
159	780	1	12.37	TRUE
159	600	6	66.96	TRUE
160	932	8	60.72	TRUE
160	1320	24	459.12	TRUE
160	1017	32	192.64	TRUE
160	943	23	282.21	TRUE
160	860	17	268.77	TRUE
160	139	23	181.70	TRUE
160	277	26	276.12	TRUE
160	1062	10	44.70	TRUE
160	780	8	98.96	TRUE
160	600	19	212.40	TRUE
160	567	10	40.50	TRUE
160	1413	21	205.59	TRUE
160	1203	23	42.32	TRUE
160	587	9	168.84	TRUE
160	477	18	225.18	TRUE
160	507	16	64.80	TRUE
160	1222	9	56.70	TRUE
160	631	32	256.96	TRUE
160	1297	23	265.19	TRUE
160	634	19	196.27	TRUE
160	1008	20	224.40	TRUE
160	782	5	19.30	TRUE
160	383	15	59.55	TRUE
160	166	18	77.76	TRUE
160	934	7	99.40	TRUE
160	928	30	296.40	TRUE
160	1083	12	157.44	TRUE
160	1392	16	83.68	TRUE
160	1101	9	118.53	TRUE
160	814	11	12.10	TRUE
160	855	6	28.68	TRUE
160	526	22	92.84	TRUE
160	524	7	45.78	TRUE
160	878	11	79.75	TRUE
160	808	6	61.56	TRUE
160	434	20	282.80	TRUE
160	1306	22	202.18	TRUE
160	1162	9	97.38	TRUE
160	58	19	58.33	TRUE
160	1400	17	74.46	TRUE
160	157	8	37.12	TRUE
160	715	5	59.80	TRUE
160	976	1	7.74	TRUE
160	883	11	32.78	TRUE
160	862	8	29.28	TRUE
160	762	4	9.56	TRUE
160	613	8	28.72	TRUE
160	574	11	140.58	TRUE
160	455	4	51.12	TRUE
160	404	2	4.76	TRUE
160	381	4	54.36	TRUE
160	365	10	35.60	TRUE
160	171	15	54.45	TRUE
160	44	4	6.52	TRUE
161	1358	63	152.46	TRUE
161	1129	29	234.30	TRUE
161	577	36	90.72	TRUE
161	1065	43	679.83	TRUE
161	690	45	620.55	TRUE
161	560	62	600.78	TRUE
161	775	33	139.26	TRUE
161	627	38	190.38	TRUE
161	1409	35	423.50	TRUE
161	369	29	60.32	TRUE
161	1376	42	748.86	TRUE
161	774	50	732.00	TRUE
161	1080	51	494.70	TRUE
161	639	45	326.25	TRUE
161	822	33	104.61	TRUE
161	748	29	267.96	TRUE
161	1242	22	263.56	TRUE
161	707	42	225.12	TRUE
161	1165	40	391.60	TRUE
161	1304	35	632.45	TRUE
161	531	40	458.00	TRUE
161	115	52	130.52	TRUE
161	1207	51	246.84	TRUE
161	413	58	321.32	TRUE
161	208	21	120.33	TRUE
161	309	42	385.98	TRUE
161	821	64	667.52	TRUE
161	1028	69	246.33	TRUE
161	1019	22	49.60	TRUE
161	1378	40	423.20	TRUE
161	861	32	354.24	TRUE
161	1173	59	651.95	TRUE
161	570	38	300.20	TRUE
161	753	50	368.50	TRUE
161	466	38	142.50	TRUE
161	955	21	156.24	TRUE
161	245	44	508.20	TRUE
161	990	37	486.18	TRUE
161	590	36	232.92	TRUE
161	469	15	182.70	TRUE
161	859	23	386.63	TRUE
161	457	37	515.40	TRUE
161	979	27	28.35	TRUE
161	394	25	160.75	TRUE
161	347	50	420.00	TRUE
161	259	31	99.82	TRUE
161	56	14	70.56	TRUE
161	319	20	248.20	TRUE
161	741	4	40.80	TRUE
161	1055	10	123.50	TRUE
161	1241	9	35.10	TRUE
161	410	9	52.20	TRUE
161	372	7	35.91	TRUE
161	10	7	81.13	TRUE
161	1232	7	45.92	TRUE
161	1361	2	17.80	TRUE
161	361	3	13.92	TRUE
161	936	3	9.90	TRUE
161	1103	3	28.53	TRUE
162	115	3	7.53	TRUE
162	309	3	27.57	TRUE
162	861	16	177.12	TRUE
162	627	8	40.80	TRUE
162	774	4	58.56	TRUE
162	56	6	30.24	TRUE
162	590	6	38.82	TRUE
162	513	5	30.50	TRUE
162	361	5	23.20	TRUE
162	979	11	11.55	TRUE
162	372	5	25.65	TRUE
162	466	3	11.25	TRUE
162	469	2	24.36	TRUE
162	859	5	84.50	TRUE
162	1378	6	63.48	TRUE
162	1242	7	83.86	TRUE
162	639	2	14.50	TRUE
162	657	2	19.98	TRUE
162	1376	18	320.94	TRUE
162	775	8	33.76	TRUE
162	1080	14	135.80	TRUE
162	955	14	104.16	TRUE
162	410	5	29.00	TRUE
162	208	3	17.19	TRUE
162	741	1	10.20	TRUE
162	1409	7	84.70	TRUE
162	1361	5	42.70	TRUE
162	1358	10	24.20	TRUE
162	1304	11	198.77	TRUE
162	1241	8	31.12	TRUE
162	1232	9	59.40	TRUE
162	1207	14	67.76	TRUE
162	1173	3	33.15	TRUE
162	1165	15	146.85	TRUE
162	1129	12	96.84	TRUE
162	1103	12	114.12	TRUE
162	1065	2	31.62	TRUE
162	1055	3	37.50	TRUE
162	1028	15	53.55	TRUE
162	1019	1	2.23	TRUE
162	990	13	170.82	TRUE
162	936	12	36.36	TRUE
163	859	1	16.81	TRUE
163	822	4	12.68	TRUE
163	821	4	41.72	TRUE
163	775	8	33.76	TRUE
163	774	3	43.92	TRUE
163	753	7	51.59	TRUE
163	748	8	73.92	TRUE
163	741	3	30.60	TRUE
164	707	8	42.88	TRUE
164	690	10	137.90	TRUE
164	657	11	109.89	TRUE
164	639	11	79.75	TRUE
164	627	3	15.30	TRUE
164	590	3	19.41	TRUE
164	577	9	22.68	TRUE
164	570	10	79.00	TRUE
164	560	14	135.66	TRUE
164	531	2	22.90	TRUE
164	513	3	18.30	TRUE
164	469	12	146.16	TRUE
164	466	4	15.00	TRUE
164	457	3	41.76	TRUE
164	413	4	22.16	TRUE
164	410	3	17.40	TRUE
164	394	12	77.16	TRUE
164	372	3	15.39	TRUE
164	369	12	24.96	TRUE
164	361	3	13.92	TRUE
164	347	13	109.20	TRUE
164	319	15	186.15	TRUE
164	309	6	55.14	TRUE
164	276	7	15.12	TRUE
164	259	10	32.20	TRUE
164	245	5	57.75	TRUE
164	208	15	85.95	TRUE
164	115	5	12.55	TRUE
165	56	9	45.36	TRUE
165	10	6	69.54	TRUE
166	32	28	87.64	TRUE
166	1305	33	574.20	TRUE
166	1224	26	291.46	TRUE
166	1312	18	95.40	TRUE
166	1154	31	105.90	TRUE
166	1331	26	195.52	TRUE
166	1243	27	362.34	TRUE
166	1174	36	70.20	TRUE
166	525	32	436.16	TRUE
166	175	8	46.16	TRUE
166	1364	30	121.20	TRUE
166	62	22	92.40	TRUE
166	588	24	424.80	TRUE
166	325	33	193.50	TRUE
166	893	22	83.38	TRUE
166	67	31	341.93	TRUE
166	92	22	100.32	TRUE
166	1423	27	481.14	TRUE
166	1419	32	489.28	TRUE
166	1254	5	67.55	TRUE
166	646	38	679.82	TRUE
166	626	31	529.48	TRUE
166	164	23	240.81	TRUE
166	1270	25	299.50	TRUE
166	867	20	245.60	TRUE
166	320	21	151.62	TRUE
166	440	27	106.11	TRUE
166	1068	8	68.24	TRUE
166	805	23	201.94	TRUE
166	1018	2	14.60	TRUE
166	1182	5	47.10	TRUE
166	181	9	23.49	TRUE
166	1230	1	3.18	TRUE
166	1324	3	18.63	TRUE
167	1018	14	98.42	TRUE
167	1305	6	104.40	TRUE
167	1224	5	56.50	TRUE
167	1331	11	82.72	TRUE
167	1423	5	89.10	TRUE
167	1364	10	40.40	TRUE
167	164	5	52.35	TRUE
167	1254	8	108.80	TRUE
167	67	4	44.12	TRUE
167	1419	6	91.74	TRUE
167	175	3	17.31	TRUE
167	1039	5	24.50	TRUE
167	588	1	17.70	TRUE
167	1154	6	20.34	TRUE
167	646	11	196.79	TRUE
167	1182	1	9.42	TRUE
167	440	3	11.79	TRUE
167	1174	4	7.80	TRUE
167	867	4	49.12	TRUE
167	626	6	102.48	TRUE
167	320	2	14.44	TRUE
167	893	1	3.79	TRUE
167	181	4	10.44	TRUE
168	1305	19	330.60	TRUE
168	525	16	218.80	TRUE
168	1364	5	20.20	TRUE
168	1270	10	119.80	TRUE
168	1423	4	71.28	TRUE
168	1068	4	34.12	TRUE
168	540	19	131.29	TRUE
168	1230	10	31.80	TRUE
168	325	8	46.80	TRUE
168	164	13	136.11	TRUE
168	67	6	66.18	TRUE
168	1324	18	111.78	TRUE
168	893	10	37.90	TRUE
168	805	14	122.92	TRUE
168	62	12	50.40	TRUE
168	1174	10	19.50	TRUE
168	626	8	136.64	TRUE
168	1331	2	15.40	TRUE
168	867	19	233.32	TRUE
168	1312	13	68.64	TRUE
168	1419	7	107.30	TRUE
168	1039	1	4.81	TRUE
168	1154	10	33.90	TRUE
168	181	12	31.32	TRUE
168	1254	9	121.59	TRUE
168	175	2	11.54	TRUE
168	1018	4	28.12	TRUE
168	92	9	41.40	TRUE
168	699	4	17.56	TRUE
168	398	4	33.52	TRUE
168	320	6	43.32	TRUE
168	1182	1	9.42	TRUE
168	1194	2	11.44	TRUE
168	440	3	11.79	TRUE
168	646	3	53.67	TRUE
168	1243	9	120.78	TRUE
168	588	5	88.50	TRUE
168	216	1	9.51	TRUE
168	177	3	15.93	TRUE
169	1182	4	37.68	TRUE
169	1423	4	71.28	TRUE
169	867	6	73.68	TRUE
169	699	7	30.73	TRUE
169	325	10	58.50	TRUE
169	1224	4	44.84	TRUE
169	540	8	55.28	TRUE
169	805	2	17.56	TRUE
169	1174	5	9.75	TRUE
169	1324	10	62.10	TRUE
169	893	10	37.90	TRUE
169	177	2	10.62	TRUE
169	1312	2	10.56	TRUE
169	175	5	28.85	TRUE
169	1068	1	8.53	TRUE
169	1230	9	28.62	TRUE
169	626	3	51.24	TRUE
169	561	1	7.80	TRUE
169	1305	3	52.20	TRUE
169	440	10	39.30	TRUE
169	1254	9	121.59	TRUE
169	1243	3	40.26	TRUE
170	525	8	109.40	TRUE
170	1331	15	112.80	TRUE
170	1154	2	6.78	TRUE
170	164	4	41.88	TRUE
170	440	15	58.95	TRUE
170	181	13	33.93	TRUE
170	325	3	17.55	TRUE
170	1364	14	56.56	TRUE
170	1224	2	22.42	TRUE
170	1312	2	10.56	TRUE
170	699	4	17.56	TRUE
170	216	8	76.80	TRUE
170	32	5	15.65	TRUE
170	1068	9	76.77	TRUE
170	482	5	73.10	TRUE
170	398	2	16.76	TRUE
170	1254	1	13.51	TRUE
170	1230	2	6.36	TRUE
170	1270	1	11.98	TRUE
170	1243	5	67.10	TRUE
170	23	2	11.30	TRUE
170	1182	1	9.42	TRUE
170	1305	3	52.20	TRUE
170	626	1	17.80	TRUE
170	1423	15	267.30	TRUE
170	1419	5	76.45	TRUE
170	1352	3	13.80	TRUE
171	1324	12	74.52	TRUE
171	1312	15	79.20	TRUE
171	1305	10	174.00	TRUE
171	1270	12	143.76	TRUE
171	1259	14	55.20	TRUE
171	1254	5	67.55	TRUE
171	1243	6	80.52	TRUE
171	1230	15	47.70	TRUE
171	1224	15	168.15	TRUE
171	1194	8	45.76	TRUE
171	1182	14	131.88	TRUE
171	1174	3	5.85	TRUE
171	1154	2	6.78	TRUE
171	1068	13	110.89	TRUE
171	1039	5	24.50	TRUE
171	1027	10	23.70	TRUE
171	1018	14	98.42	TRUE
171	893	15	56.85	TRUE
171	867	6	73.68	TRUE
171	805	3	26.34	TRUE
171	699	6	26.34	TRUE
171	646	4	71.56	TRUE
171	626	14	239.12	TRUE
171	588	13	230.10	TRUE
171	561	6	42.48	TRUE
171	540	12	82.92	TRUE
171	525	2	27.26	TRUE
171	482	14	204.68	TRUE
171	440	4	15.72	TRUE
171	398	10	83.80	TRUE
171	345	5	9.85	TRUE
171	325	12	70.20	TRUE
171	320	13	93.86	TRUE
171	287	1	4.40	TRUE
171	216	11	104.61	TRUE
171	181	1	2.61	TRUE
171	177	8	42.48	TRUE
171	175	7	40.39	TRUE
171	164	13	136.11	TRUE
171	92	2	9.12	TRUE
171	67	10	110.30	TRUE
171	62	10	42.00	TRUE
171	32	8	25.40	TRUE
171	23	12	67.80	TRUE
172	102	2	19.72	FALSE
173	102	2	19.72	FALSE
173	293	1	12.12	FALSE
174	102	2	19.72	FALSE
174	293	1	12.12	FALSE
174	393	3	34.59	FALSE
175	201	7	50.82	FALSE
176	201	7	50.82	FALSE
176	299	11	22.11	FALSE
177	201	7	50.82	FALSE
177	299	11	22.11	FALSE
177	342	14	81.48	FALSE
178	201	7	50.82	FALSE
178	299	11	22.11	FALSE
178	342	14	81.48	FALSE
178	483	4	11.36	FALSE
179	201	7	50.82	FALSE
179	299	11	22.11	FALSE
179	342	14	81.48	FALSE
179	483	4	11.36	FALSE
179	1193	3	5.46	FALSE
180	201	7	50.82	FALSE
180	299	11	22.11	FALSE
180	342	14	81.48	FALSE
180	483	4	11.36	FALSE
180	1193	3	5.46	FALSE
180	1321	3	38.37	FALSE
181	201	7	50.82	FALSE
181	299	11	22.11	FALSE
181	342	14	81.48	FALSE
181	483	4	11.36	FALSE
181	1193	3	5.46	FALSE
181	1321	3	38.37	FALSE
181	1342	2	12.28	FALSE
182	747	6	25.98	FALSE
183	747	6	25.98	FALSE
183	1047	2	32.66	FALSE
184	747	6	25.98	FALSE
184	1047	2	32.66	FALSE
184	1113	2	13.48	FALSE
185	26	2	19.46	FALSE
186	26	2	19.46	FALSE
186	698	3	36.60	FALSE
187	26	2	19.46	FALSE
187	698	3	36.60	FALSE
187	1051	2	25.14	FALSE
188	26	2	19.46	FALSE
188	698	3	36.60	FALSE
188	1051	2	25.14	FALSE
188	1060	9	28.53	FALSE
189	1216	3	29.46	FALSE
190	59	10	50.60	FALSE
191	59	10	50.60	FALSE
191	389	3	15.60	FALSE
192	59	10	50.60	FALSE
192	389	3	15.60	FALSE
192	837	11	70.95	FALSE
193	59	10	50.60	FALSE
193	389	3	15.60	FALSE
193	837	11	70.95	FALSE
193	892	2	18.66	FALSE
194	59	10	50.60	FALSE
194	389	3	15.60	FALSE
194	837	11	70.95	FALSE
194	892	2	18.66	FALSE
194	1011	3	4.29	FALSE
195	59	10	50.60	FALSE
195	389	3	15.60	FALSE
195	837	11	70.95	FALSE
195	892	2	18.66	FALSE
195	1011	3	4.29	FALSE
195	1416	4	52.76	FALSE
196	310	1	12.56	FALSE
197	310	1	12.56	FALSE
197	824	4	4.56	FALSE
198	310	1	12.56	FALSE
198	824	4	4.56	FALSE
198	972	5	21.85	FALSE
199	310	1	12.56	FALSE
199	824	4	4.56	FALSE
199	972	5	21.85	FALSE
199	1251	14	86.66	FALSE
200	154	3	20.64	FALSE
201	154	3	20.64	FALSE
201	836	6	27.60	FALSE
202	210	1	6.85	FALSE
203	210	1	6.85	FALSE
203	1050	3	51.24	FALSE
204	210	1	6.85	FALSE
204	1050	3	51.24	FALSE
204	1391	1	16.73	FALSE
205	649	3	55.95	FALSE
206	649	3	55.95	FALSE
206	995	10	14.80	FALSE
207	566	1	2.27	FALSE
208	566	1	2.27	FALSE
208	1334	1	18.40	FALSE
209	1134	2	10.50	FALSE
210	1134	2	10.50	FALSE
210	1379	1	8.73	FALSE
211	523	14	118.20	FALSE
212	523	14	118.20	FALSE
212	1283	4	19.80	FALSE
213	194	1	11.94	FALSE
214	846	4	14.96	FALSE
215	846	4	14.96	FALSE
215	1170	8	54.32	FALSE
216	846	4	14.96	FALSE
216	1170	8	54.32	FALSE
216	1330	6	43.80	FALSE
217	450	3	15.81	FALSE
218	450	3	15.81	FALSE
218	586	2	8.82	FALSE
219	450	3	15.81	FALSE
219	586	2	8.82	FALSE
219	1346	1	4.19	FALSE
220	125	9	69.93	FALSE
221	125	9	69.93	FALSE
221	395	15	219.60	FALSE
222	38	3	45.33	FALSE
223	38	3	45.33	FALSE
223	284	5	48.60	FALSE
224	38	3	45.33	FALSE
224	284	5	48.60	FALSE
224	441	2	8.20	FALSE
225	38	3	45.33	FALSE
225	284	5	48.60	FALSE
225	441	2	8.20	FALSE
225	484	2	6.56	FALSE
226	38	3	45.33	FALSE
226	284	5	48.60	FALSE
226	441	2	8.20	FALSE
226	484	2	6.56	FALSE
226	1163	1	6.78	FALSE
227	38	3	45.33	FALSE
227	284	5	48.60	FALSE
227	441	2	8.20	FALSE
227	484	2	6.56	FALSE
227	1163	1	6.78	FALSE
227	1343	2	4.44	FALSE
228	844	2	21.80	FALSE
229	476	8	71.68	FALSE
230	476	8	71.68	FALSE
230	810	7	34.58	FALSE
231	476	8	71.68	FALSE
231	810	7	34.58	FALSE
231	971	8	42.56	FALSE
232	87	12	152.16	FALSE
233	87	12	152.16	FALSE
233	553	9	98.28	FALSE
234	587	3	56.28	FALSE
235	587	3	56.28	FALSE
235	782	12	46.32	FALSE
236	62	2	8.40	FALSE
237	62	2	8.40	FALSE
237	540	1	6.91	FALSE
