1	'Vinyl'	10	5.38	6	0	1.35
2	'Cassette'	7	9.70	7	0	5.76
3	'Vinyl'	16	22.10	9	0	6.48
10	'Vinyl'	18	21.23	14	0	4.20
22	'CD'	16	13.75	6	0	5.72
40	'CD'	8	9.44	8	0	6.72
41	'Cassette'	22	19.62	14	0	7.33
44	'CD'	14	20.91	9	0	14.25
50	'CD'	21	17.63	9	0	11.43
51	'Vinyl'	10	22.89	13	0	16.17
72	'CD'	4	22.59	11	0	5.25
76	'Vinyl'	15	19.59	7	0	15.52
104	'Cassette'	24	19.65	1	0	9.55
119	'Vinyl'	17	23.20	2	0	17.73
120	'CD'	15	6.77	6	0	2.40
134	'CD'	4	24.47	11	3	19.12
139	'Vinyl'	23	13.49	14	0	2.25
144	'Cassette'	15	7.98	10	0	2.76
145	'Vinyl'	25	20.90	9	0	7.92
149	'CD'	19	25.72	7	0	5.13
150	'CD'	4	14.15	6	0	6.16
156	'CD'	20	20.30	13	0	12.83
158	'Vinyl'	24	13.60	6	0	9.19
172	'Vinyl'	22	21.28	11	0	4.77
176	'CD'	22	21.73	1	3	11.60
177	'CD'	13	13.54	7	0	4.10
179	'CD'	19	5.71	15	0	2.31
180	'CD'	5	9.63	14	0	6.80
184	'CD'	22	25.17	7	0	17.10
191	'CD'	6	14.56	12	0	11.24
192	'CD'	3	8.11	2	0	1.60
196	'Cassette'	7	10.34	2	0	8.71
200	'Vinyl'	9	7.72	2	0	2.60
205	'Cassette'	6	19.38	3	0	15.72
206	'Vinyl'	2	19.78	1	0	11.95
207	'CD'	2	11.10	3	0	6.40
214	'Cassette'	14	25.11	0	12	17.19
216	'CD'	9	20.11	8	0	7.70
220	'Vinyl'	23	18.82	14	0	7.78
222	'Cassette'	16	17.82	10	0	12.87
236	'CD'	17	5.33	10	0	4.66
237	'Vinyl'	6	13.72	13	0	10.59
238	'Vinyl'	24	17.22	12	0	3.80
246	'Cassette'	3	5.60	7	0	1.39
247	'CD'	11	5.82	14	0	4.79
263	'Vinyl'	2	18.51	5	0	9.95
270	'Vinyl'	2	24.46	15	0	12.14
272	'Cassette'	20	11.52	12	0	5.33
273	'Cassette'	3	15.12	1	0	4.48
278	'Vinyl'	16	20.62	9	0	4.56
283	'Vinyl'	25	19.30	12	0	13.58
285	'Vinyl'	10	6.70	7	0	1.97
295	'Vinyl'	10	18.52	9	0	4.10
296	'Vinyl'	24	18.28	5	0	9.53
305	'Cassette'	20	5.14	13	0	4.16
309	'Cassette'	8	15.20	5	0	8.10
324	'CD'	4	21.30	14	0	12.32
332	'CD'	9	20.93	9	0	7.21
337	'Vinyl'	4	7.17	14	0	4.76
339	'Cassette'	5	25.49	1	0	5.11
348	'CD'	4	6.32	8	0	2.51
349	'Cassette'	13	14.70	13	0	9.34
351	'CD'	13	6.45	15	0	1.30
352	'CD'	7	22.77	8	1	16.25
361	'Cassette'	16	24.46	11	0	7.26
362	'Vinyl'	19	10.80	6	0	5.40
363	'Vinyl'	3	9.92	7	0	3.20
366	'CD'	11	8.14	8	0	5.43
371	'Cassette'	21	6.34	9	0	3.11
372	'Cassette'	25	25.66	1	0	13.84
374	'Cassette'	24	16.99	7	0	9.82
376	'CD'	12	24.17	6	0	13.40
382	'Vinyl'	25	11.54	13	0	2.45
383	'CD'	22	8.46	10	0	5.86
386	'Vinyl'	7	8.59	4	0	5.10
416	'Cassette'	7	6.80	2	8	1.33
425	'Vinyl'	17	20.43	12	0	15.15
430	'Cassette'	16	7.53	9	0	1.25
433	'Vinyl'	5	8.20	9	0	6.56
434	'CD'	14	8.89	2	0	5.12
443	'CD'	24	7.37	3	0	2.63
445	'Cassette'	8	11.24	12	0	8.50
450	'Vinyl'	16	22.14	9	0	17.57
457	'CD'	13	11.47	15	0	8.47
465	'Vinyl'	17	18.88	3	0	8.70
466	'Vinyl'	17	6.50	1	0	2.21
475	'CD'	17	13.45	4	0	5.97
486	'CD'	13	18.10	11	0	3.30
488	'Vinyl'	18	16.19	14	0	4.62
493	'CD'	2	16.73	12	0	3.16
494	'CD'	9	14.10	4	0	8.19
504	'Vinyl'	18	15.36	15	0	9.41
505	'CD'	21	21.58	9	0	14.30
507	'Cassette'	1	8.51	1	0	4.55
526	'CD'	17	16.43	8	0	4.20
531	'CD'	14	13.46	2	0	3.70
533	'Vinyl'	7	23.17	1	10	16.13
538	'CD'	12	11.57	7	0	3.42
539	'Vinyl'	11	16.35	12	3	12.65
540	'Vinyl'	20	13.21	6	0	10.82
541	'Vinyl'	11	10.17	15	0	6.77
546	'Cassette'	22	18.49	12	0	14.22
551	'Vinyl'	17	24.15	14	0	4.92
560	'CD'	17	25.59	8	0	6.78
561	'Cassette'	5	6.54	0	10	4.98
569	'CD'	13	7.90	3	0	4.62
578	'Cassette'	6	8.95	1	0	3.90
581	'Vinyl'	24	6.17	6	0	3.38
583	'Vinyl'	13	19.58	15	0	3.18
587	'Cassette'	10	16.73	15	0	10.23
588	'Cassette'	10	9.72	7	0	6.65
593	'Cassette'	15	18.91	7	0	8.33
608	'Vinyl'	2	15.15	1	0	9.52
610	'Cassette'	7	24.74	14	0	8.22
612	'CD'	23	21.38	10	0	6.79
622	'CD'	8	13.46	6	0	4.17
630	'Cassette'	24	16.78	2	0	3.90
631	'Vinyl'	14	5.15	15	0	4.20
638	'Cassette'	25	8.93	11	0	3.11
640	'Vinyl'	8	19.43	14	0	8.45
651	'Vinyl'	6	18.16	1	0	9.61
652	'Vinyl'	1	10.25	3	0	8.11
654	'Cassette'	16	9.89	7	0	6.54
659	'Vinyl'	19	20.59	3	0	6.90
661	'Vinyl'	24	24.65	14	0	18.90
662	'CD'	9	5.12	2	0	4.91
666	'Vinyl'	20	15.42	3	0	7.32
670	'Cassette'	3	6.50	13	0	1.24
671	'Cassette'	7	8.52	2	0	5.88
682	'Cassette'	17	17.32	5	0	7.43
683	'Vinyl'	24	6.49	5	0	1.20
684	'Cassette'	7	12.93	10	0	3.83
691	'CD'	1	7.56	9	0	4.50
696	'Vinyl'	19	14.44	14	0	6.58
700	'Cassette'	7	24.16	3	0	10.61
711	'Vinyl'	8	20.16	12	0	16.46
712	'Vinyl'	20	5.98	6	0	2.48
713	'Cassette'	15	15.30	12	0	9.43
715	'Vinyl'	10	5.60	8	0	4.62
718	'Cassette'	12	22.29	5	0	14.39
735	'CD'	2	21.75	5	0	5.95
736	'Cassette'	14	17.75	2	0	11.99
742	'Cassette'	20	11.53	5	0	5.27
755	'Cassette'	23	6.32	12	0	3.93
762	'Vinyl'	16	21.64	6	0	7.61
767	'Vinyl'	25	21.38	5	0	9.34
774	'Cassette'	4	11.13	3	0	5.20
779	'CD'	7	20.74	10	0	8.42
781	'Vinyl'	20	13.76	8	0	7.89
789	'CD'	16	17.79	6	0	12.81
790	'Cassette'	7	20.28	6	0	16.76
791	'Cassette'	19	11.57	7	0	4.49
793	'Vinyl'	23	21.66	8	0	15.40
802	'Cassette'	3	25.74	11	0	5.58
811	'Cassette'	10	7.12	11	0	4.50
815	'Cassette'	16	25.78	11	0	17.82
827	'CD'	23	16.69	1	0	10.48
832	'Vinyl'	2	5.50	4	1	4.40
837	'Vinyl'	12	17.69	10	0	5.29
852	'Vinyl'	18	18.20	12	0	5.51
870	'Cassette'	13	18.50	13	0	12.70
873	'Cassette'	15	22.73	11	0	15.50
878	'CD'	21	25.21	8	0	13.92
880	'Vinyl'	5	23.44	8	0	5.87
884	'CD'	20	11.14	2	0	6.81
893	'Vinyl'	3	6.57	10	0	3.34
899	'CD'	21	16.87	5	0	11.47
904	'CD'	4	24.29	3	0	8.17
905	'Vinyl'	18	7.90	8	0	2.84
908	'Cassette'	12	14.54	14	0	4.29
911	'Cassette'	7	24.49	15	0	11.70
916	'CD'	4	7.76	14	0	1.22
919	'CD'	22	24.27	1	0	17.17
921	'CD'	23	6.11	2	0	4.29
927	'CD'	9	15.11	10	0	9.64
929	'CD'	8	23.54	8	0	6.14
939	'Cassette'	11	14.90	9	0	11.86
942	'Vinyl'	12	8.46	3	0	1.74
944	'Vinyl'	15	25.47	15	0	6.98
957	'Cassette'	25	15.49	9	0	10.22
964	'CD'	16	8.10	1	0	5.23
978	'Vinyl'	7	18.84	6	4	4.51
988	'Vinyl'	8	14.34	8	0	7.20
995	'Cassette'	18	21.11	11	0	7.27
997	'Cassette'	8	14.74	13	0	8.74
1006	'Cassette'	16	22.29	10	0	17.76
1017	'Vinyl'	5	25.86	8	0	14.94
1020	'Cassette'	2	12.20	7	5	6.23
1029	'Cassette'	24	9.44	12	0	1.24
1030	'Vinyl'	17	25.99	9	0	18.95
1051	'Vinyl'	19	16.32	12	0	3.37
1054	'Cassette'	14	6.16	6	8	3.39
1058	'CD'	14	25.27	8	0	13.63
1061	'CD'	22	17.94	10	0	4.47
1062	'CD'	18	21.88	7	0	6.49
1066	'CD'	6	6.47	13	0	4.28
1069	'Cassette'	6	15.31	14	0	8.55
1070	'Cassette'	15	10.28	2	0	7.40
1080	'CD'	24	17.59	2	0	13.26
1101	'Vinyl'	15	23.42	12	0	18.27
1106	'Cassette'	24	11.34	2	6	3.34
1116	'CD'	25	6.12	13	0	1.25
1118	'Vinyl'	19	15.60	6	0	7.55
1119	'CD'	12	25.42	4	0	14.53
1124	'CD'	20	16.63	11	0	7.15
1130	'Vinyl'	17	5.66	8	0	1.23
1136	'Cassette'	16	19.53	6	0	3.70
1139	'Vinyl'	22	15.82	6	0	7.83
1143	'Vinyl'	20	16.54	13	0	4.27
1151	'Vinyl'	19	22.73	15	0	13.66
1159	'Cassette'	24	20.61	4	0	4.94
1164	'Cassette'	21	22.40	1	0	9.85
1168	'CD'	4	5.25	11	0	2.58
1170	'Vinyl'	7	16.66	9	0	7.57
1175	'CD'	6	17.26	15	0	10.16
1179	'Cassette'	10	11.80	8	0	5.82
1181	'Vinyl'	12	15.53	6	0	9.85
1182	'Vinyl'	5	19.60	11	0	11.83
1192	'Vinyl'	23	13.82	2	0	6.65
1194	'Cassette'	20	10.54	12	0	2.18
1202	'CD'	21	23.44	2	0	4.56
1217	'Cassette'	9	19.26	10	0	9.75
1219	'Cassette'	22	18.26	15	0	14.37
1221	'Vinyl'	1	7.71	9	0	1.41
1225	'CD'	13	23.22	12	0	17.21
1226	'CD'	5	17.31	13	0	12.20
1227	'CD'	2	22.48	1	0	16.18
1228	'Cassette'	25	25.91	5	0	12.93
1237	'CD'	14	12.10	5	0	8.77
1239	'Cassette'	10	17.30	9	0	4.69
1244	'CD'	1	22.55	8	0	14.64
1246	'Cassette'	21	23.56	5	0	11.62
1247	'Vinyl'	18	17.23	14	0	9.10
1248	'Cassette'	22	18.33	11	0	5.66
1249	'Vinyl'	20	6.90	4	0	4.70
1251	'Vinyl'	2	19.88	10	0	3.61
1252	'Cassette'	20	12.36	11	0	5.98
1259	'Vinyl'	2	17.21	1	0	12.68
1268	'CD'	25	7.76	9	0	5.25
1285	'CD'	19	7.64	9	0	2.23
1286	'Vinyl'	25	9.71	1	0	2.17
1299	'Cassette'	4	25.51	4	0	20.74
1303	'CD'	22	18.42	11	0	14.44
1312	'Vinyl'	24	8.48	10	0	3.57
1313	'Cassette'	12	19.58	9	0	12.26
1314	'CD'	9	23.12	4	0	11.44
1329	'CD'	23	10.39	1	0	5.37
1333	'Cassette'	6	14.38	10	0	2.49
1337	'Vinyl'	4	21.56	9	0	9.76
1344	'Cassette'	5	5.40	11	0	3.20
1361	'Vinyl'	2	15.47	7	0	12.18
1363	'Vinyl'	13	15.89	11	0	8.97
1364	'Vinyl'	5	18.21	15	0	11.89
1365	'CD'	14	16.13	2	0	11.93
1369	'Vinyl'	9	15.61	4	0	7.17
1373	'CD'	8	18.53	12	0	5.72
1377	'Vinyl'	19	20.57	8	0	5.38
1382	'Cassette'	9	16.92	5	0	8.55
1386	'Cassette'	16	7.90	12	0	1.15
1393	'CD'	6	10.54	10	0	4.93
1400	'CD'	9	6.75	2	0	3.76
1404	'Vinyl'	22	22.60	3	0	4.84
1417	'Vinyl'	7	23.60	6	0	18.55
1418	'Cassette'	5	21.55	5	0	13.53
1422	'CD'	18	20.68	6	0	5.95
1425	'Vinyl'	13	13.10	3	0	9.90
1426	'Vinyl'	17	9.48	14	0	5.46
1428	'Vinyl'	12	17.80	1	0	6.66
1430	'CD'	19	12.34	11	0	5.43
1433	'Vinyl'	4	9.61	14	0	5.10
1437	'CD'	5	19.21	4	0	4.84
1439	'CD'	19	25.12	13	0	16.72
1447	'CD'	11	8.50	7	0	4.69
1448	'Cassette'	24	7.50	14	0	3.13
1449	'Vinyl'	24	24.31	2	0	17.37
1459	'CD'	19	8.44	15	0	4.65
1461	'Cassette'	19	8.45	2	0	6.72
1467	'Vinyl'	2	24.29	9	0	17.47
1484	'Cassette'	12	25.35	4	0	9.95
1485	'Cassette'	7	23.29	2	0	11.14
1490	'CD'	23	23.33	4	0	4.30
1494	'CD'	23	18.48	15	0	9.10
1499	'CD'	13	12.29	2	0	3.10
1500	'Cassette'	16	11.36	3	0	7.40
1501	'CD'	23	14.67	12	0	10.67
1515	'Vinyl'	8	23.61	12	0	11.95
1517	'CD'	10	7.75	14	0	3.45
1518	'Cassette'	16	25.75	5	0	16.32
1522	'Cassette'	11	17.58	12	0	10.56
1524	'Vinyl'	19	15.84	3	0	11.37
1528	'Cassette'	12	14.65	13	0	10.11
1530	'CD'	11	25.60	1	2	5.53
1536	'Cassette'	23	23.82	1	0	14.96
1540	'Cassette'	15	8.88	7	0	4.70
1546	'Cassette'	4	18.53	7	0	14.60
1548	'CD'	22	10.49	10	0	4.31
1549	'Cassette'	21	7.60	8	0	2.65
1559	'Cassette'	4	10.35	13	0	2.72
1578	'Cassette'	12	7.47	15	0	1.67
1580	'Cassette'	25	25.97	8	0	6.18
1581	'CD'	23	21.24	9	0	5.62
1585	'Cassette'	24	17.35	13	0	6.10
1589	'CD'	18	7.42	10	2	3.75
1594	'CD'	10	22.40	1	0	16.48
1596	'Cassette'	22	11.65	15	0	5.79
1606	'Cassette'	6	20.72	8	0	11.69
1608	'CD'	7	8.33	14	0	4.12
1620	'CD'	12	7.79	10	0	4.14
1623	'Vinyl'	24	16.42	7	0	4.40
1630	'CD'	13	13.20	10	0	7.80
1631	'Cassette'	19	5.96	7	0	4.15
1632	'Cassette'	7	22.92	15	0	14.40
1641	'Cassette'	9	20.28	13	0	8.20
1645	'Cassette'	21	14.26	11	0	3.98
1651	'CD'	24	16.15	6	0	10.79
1655	'CD'	19	11.31	13	0	7.78
1658	'CD'	25	17.47	14	0	10.55
1663	'CD'	13	15.90	14	0	8.90
1665	'Cassette'	2	21.77	8	0	8.62
1668	'Vinyl'	5	9.18	13	0	4.47
1670	'CD'	7	10.84	2	0	5.74
1671	'CD'	20	18.93	14	0	12.47
1673	'CD'	21	11.79	11	0	4.83
1686	'Vinyl'	4	14.24	5	0	11.44
1690	'CD'	22	20.85	6	0	7.71
1694	'Cassette'	25	5.87	2	0	4.87
1710	'Cassette'	11	15.75	10	0	6.22
1711	'CD'	13	5.76	8	0	4.90
1713	'Cassette'	5	21.37	9	0	7.33
1717	'CD'	17	15.54	7	0	4.74
1720	'CD'	7	23.51	6	0	7.21
1723	'CD'	18	19.35	15	0	6.41
1730	'Vinyl'	12	20.10	7	0	10.40
1731	'Cassette'	4	11.17	14	0	5.13
1735	'Cassette'	25	5.15	6	0	3.99
1737	'Cassette'	5	25.44	7	0	19.99
1739	'Vinyl'	4	25.79	7	0	16.24
1744	'CD'	8	14.87	12	0	5.60
1746	'Cassette'	24	5.87	5	0	1.62
1751	'Vinyl'	16	19.80	15	0	10.88
1752	'Vinyl'	17	23.95	6	0	13.65
1767	'Vinyl'	6	8.46	8	0	3.51
1776	'Vinyl'	19	19.77	15	0	12.35
1788	'Cassette'	5	13.71	9	0	6.99
1789	'Vinyl'	8	5.93	1	0	1.28
1799	'CD'	18	7.39	1	0	1.25
1805	'CD'	23	5.87	13	0	2.57
1806	'CD'	25	22.15	9	0	4.62
1807	'CD'	8	21.40	2	0	14.52
1814	'Vinyl'	13	5.67	5	0	4.26
1823	'Cassette'	13	22.34	11	0	16.71
1832	'CD'	9	5.18	0	15	4.11
1843	'Vinyl'	1	22.80	11	0	15.60
1846	'CD'	16	9.88	4	9	7.68
1849	'Cassette'	23	24.29	14	0	13.70
1855	'CD'	12	7.15	3	0	2.53
1863	'CD'	17	24.87	10	0	17.94
1864	'Vinyl'	12	13.65	8	0	7.63
1869	'Vinyl'	12	14.12	8	0	2.85
1876	'Cassette'	13	5.50	5	0	1.87
1884	'Vinyl'	18	11.40	8	0	3.31
1887	'CD'	13	8.97	12	0	5.27
1889	'Vinyl'	23	17.19	15	0	7.51
1891	'CD'	11	18.50	11	0	7.49
1895	'CD'	20	9.97	1	0	5.95
1898	'Cassette'	2	9.14	8	0	7.69
1902	'Cassette'	1	7.40	5	0	3.10
1906	'Vinyl'	19	11.70	1	0	6.78
1909	'CD'	22	25.52	10	0	16.98
1911	'Vinyl'	23	21.50	11	0	13.89
1912	'Cassette'	15	20.95	5	0	11.42
1913	'CD'	18	10.37	13	0	7.87
1915	'Vinyl'	6	25.36	14	0	12.63
1918	'Vinyl'	5	7.22	4	0	5.19
1919	'CD'	17	10.78	14	0	4.35
1929	'Vinyl'	1	22.50	8	0	8.73
1930	'Vinyl'	3	6.48	7	0	3.40
1933	'CD'	1	16.30	11	0	12.90
1947	'Vinyl'	18	17.14	8	0	4.12
1949	'Cassette'	5	20.94	7	0	4.67
1964	'CD'	6	10.42	2	0	2.60
1965	'Cassette'	17	18.50	8	0	13.93
1966	'CD'	13	18.68	14	0	6.78
1967	'Vinyl'	11	17.57	2	0	6.41
1970	'CD'	1	16.32	8	0	11.21
1973	'CD'	20	19.51	3	0	4.42
1974	'CD'	10	12.39	10	0	4.74
1979	'Vinyl'	18	17.35	6	0	4.77
1980	'Vinyl'	8	21.50	7	0	11.36
1983	'Vinyl'	3	8.11	8	0	5.50
1999	'CD'	7	5.50	14	0	3.32
2003	'Vinyl'	20	21.23	11	0	6.17
2009	'Vinyl'	21	15.73	2	9	11.75
2011	'CD'	20	11.90	14	0	3.40
2016	'Cassette'	11	21.37	4	0	16.30
2021	'Cassette'	10	22.70	6	0	13.10
2025	'CD'	9	11.96	14	0	2.41
2047	'CD'	16	22.68	7	0	14.56
2048	'CD'	22	20.54	5	0	15.22
2054	'CD'	16	9.77	3	0	7.63
2062	'Vinyl'	17	10.16	12	0	6.81
2064	'Cassette'	5	23.82	11	0	18.54
2074	'Cassette'	9	17.74	8	0	7.28
2076	'CD'	20	7.33	11	0	5.20
2079	'Vinyl'	14	7.53	9	0	1.43
2085	'CD'	13	22.81	6	0	14.38
2086	'CD'	1	10.94	14	0	7.72
2087	'Vinyl'	16	19.43	1	0	14.19
2089	'Cassette'	18	11.80	10	0	3.62
2095	'Vinyl'	12	25.86	9	0	5.39
2101	'Vinyl'	3	8.72	11	0	3.65
2102	'Cassette'	22	9.55	8	0	6.56
2105	'Cassette'	9	14.23	4	0	8.74
2114	'Cassette'	15	9.78	3	0	4.68
2116	'Vinyl'	2	12.58	12	0	2.78
2117	'CD'	18	7.24	13	0	4.70
2122	'Cassette'	13	17.86	7	0	6.30
2128	'CD'	21	11.43	4	0	2.45
2135	'Vinyl'	11	23.40	7	0	17.95
2136	'Cassette'	5	12.90	6	0	8.90
2138	'Cassette'	10	25.74	15	0	8.76
2152	'Vinyl'	20	18.53	10	0	9.95
2154	'Cassette'	25	12.58	3	0	8.28
2165	'CD'	12	17.53	8	0	6.62
2168	'Vinyl'	1	22.26	6	0	12.19
2173	'CD'	23	7.20	13	0	3.38
2180	'Cassette'	22	5.30	14	0	2.22
2183	'CD'	25	25.96	1	0	17.76
2188	'Vinyl'	7	7.95	13	0	1.64
2190	'Vinyl'	19	6.80	15	0	2.68
2198	'Cassette'	9	25.11	3	0	9.36
2199	'Vinyl'	12	9.38	11	0	2.24
2205	'CD'	18	5.50	7	0	2.40
2211	'CD'	4	18.29	15	0	13.87
2216	'Cassette'	11	5.76	10	0	4.78
2217	'CD'	1	12.48	14	0	4.70
2228	'CD'	10	21.88	2	0	13.63
2232	'Vinyl'	24	12.35	6	0	6.60
2239	'Vinyl'	20	18.93	7	0	11.96
2243	'Cassette'	11	17.63	14	0	11.91
2250	'Vinyl'	15	14.90	7	0	6.50
2253	'Cassette'	18	11.64	10	0	3.13
2262	'Vinyl'	12	19.20	12	0	4.75
2264	'CD'	18	16.20	6	0	10.20
2265	'Cassette'	17	16.82	2	0	7.15
2277	'Vinyl'	13	23.60	11	0	16.24
2279	'CD'	9	13.72	15	0	6.95
2280	'CD'	22	12.66	3	0	6.63
2281	'Vinyl'	9	18.26	12	2	12.26
2287	'Cassette'	12	7.87	8	0	5.10
2288	'CD'	14	24.71	12	0	11.27
2291	'CD'	13	5.10	12	0	3.52
2292	'Cassette'	1	22.67	7	0	9.50
2295	'Cassette'	13	6.26	13	0	4.71
2299	'CD'	21	13.51	3	0	10.78
2301	'CD'	10	25.44	1	0	6.11
2304	'CD'	1	9.55	12	0	5.92
2306	'Vinyl'	16	19.40	3	0	10.98
2308	'Vinyl'	23	14.70	11	0	8.60
2309	'CD'	5	18.73	8	0	13.28
2314	'Vinyl'	23	13.34	8	0	4.45
2322	'Vinyl'	21	10.50	4	0	8.41
2338	'CD'	21	15.51	13	0	8.69
2340	'CD'	14	9.31	15	0	6.22
2343	'CD'	4	19.21	8	0	14.85
2345	'Vinyl'	13	20.52	14	0	9.97
2353	'Cassette'	10	12.78	9	0	5.52
2365	'CD'	21	20.90	13	0	14.95
2381	'CD'	19	8.28	3	0	4.89
2393	'CD'	16	25.37	2	0	10.85
2395	'Vinyl'	18	9.21	10	0	6.68
2403	'CD'	20	20.75	11	0	4.45
2406	'Vinyl'	1	11.66	11	0	2.44
2407	'Vinyl'	24	8.40	3	0	6.47
2413	'Vinyl'	5	7.90	0	2	2.89
2417	'Cassette'	6	13.90	3	0	4.23
2418	'Cassette'	14	8.53	6	0	1.43
2419	'Cassette'	16	20.61	8	0	15.38
2421	'CD'	14	5.44	4	0	4.40
2430	'CD'	11	5.11	8	0	2.40
2432	'Cassette'	2	16.19	15	0	5.44
2434	'Vinyl'	12	9.40	15	0	5.47
2444	'Vinyl'	9	15.89	13	0	9.71
2446	'Vinyl'	14	15.76	1	10	3.62
2451	'Vinyl'	21	9.71	1	3	6.26
2453	'CD'	4	19.39	5	0	14.89
2456	'Cassette'	17	19.89	5	0	15.10
2468	'CD'	9	6.62	2	0	3.62
2473	'Cassette'	4	18.75	3	0	4.66
2477	'Cassette'	5	21.34	15	0	10.94
2485	'Vinyl'	18	23.99	3	0	9.86
2487	'Vinyl'	13	20.80	7	0	5.13
2501	'Cassette'	16	7.29	5	0	2.16
2502	'CD'	7	17.93	4	7	12.22
2507	'Cassette'	23	10.18	7	0	8.79
2510	'Cassette'	9	24.97	4	0	11.99
2512	'CD'	18	13.23	15	0	10.53
2524	'Vinyl'	19	12.25	4	0	2.49
2528	'Vinyl'	14	17.77	2	10	5.40
2530	'Vinyl'	5	21.30	3	0	15.97
2542	'CD'	8	22.85	1	0	11.90
2543	'Cassette'	1	9.75	9	0	6.77
2544	'Vinyl'	18	22.30	12	0	4.12
2555	'Cassette'	12	5.70	3	0	3.89
2563	'Vinyl'	4	5.52	11	0	4.77
2566	'CD'	11	21.21	12	0	16.99
2574	'Cassette'	12	16.85	11	0	11.90
2575	'Cassette'	13	7.84	8	0	5.86
2586	'Vinyl'	24	9.55	14	0	3.40
2590	'Vinyl'	19	24.30	14	0	4.36
2595	'Cassette'	16	14.35	12	0	10.22
2596	'CD'	1	13.81	13	0	2.42
2602	'CD'	5	23.28	4	3	16.11
2607	'Cassette'	8	25.26	13	0	13.34
2610	'CD'	24	17.65	6	0	5.50
2616	'Vinyl'	7	24.31	12	0	16.87
2617	'CD'	1	14.56	11	0	6.50
2627	'Vinyl'	24	24.43	10	0	19.47
2632	'CD'	16	10.56	2	0	4.18
2634	'Cassette'	22	5.61	7	0	3.39
2636	'Cassette'	23	15.81	6	0	7.88
2645	'CD'	13	10.79	3	0	7.74
2647	'Vinyl'	12	25.30	7	0	14.48
2654	'CD'	10	17.58	3	0	6.87
2658	'Cassette'	24	17.35	15	0	4.88
2660	'CD'	12	13.27	8	0	8.45
2669	'Vinyl'	14	10.43	13	0	5.72
2675	'CD'	18	21.50	6	9	12.25
2688	'Cassette'	24	17.51	8	0	3.85
2690	'Cassette'	9	9.94	2	0	2.76
2692	'Vinyl'	4	24.54	7	0	8.10
2697	'Cassette'	1	11.18	13	0	6.33
2698	'CD'	25	5.10	1	0	3.76
2699	'Vinyl'	6	10.82	9	0	5.50
2706	'Vinyl'	12	21.85	14	0	16.97
2709	'Cassette'	22	21.65	10	0	12.88
2711	'CD'	21	12.95	5	0	8.71
2713	'Cassette'	13	20.80	13	0	12.68
2715	'CD'	3	12.27	11	0	9.52
2717	'Vinyl'	18	22.43	2	0	8.90
2724	'CD'	19	16.61	14	0	8.81
2732	'Vinyl'	12	17.37	10	0	8.65
2733	'CD'	10	13.80	7	0	7.66
2741	'Cassette'	5	8.65	7	0	5.33
2743	'Vinyl'	7	16.91	5	0	8.52
2749	'CD'	5	15.62	11	0	4.50
2756	'Cassette'	3	8.67	1	0	5.63
2764	'Cassette'	8	14.94	7	0	2.16
2766	'Cassette'	19	24.10	7	0	14.79
2768	'CD'	5	9.80	8	0	2.65
2770	'Vinyl'	21	17.26	15	0	5.55
2771	'Cassette'	6	9.90	14	0	7.68
2772	'Vinyl'	2	17.92	10	0	6.56
2778	'CD'	1	21.47	3	0	16.18
2780	'CD'	3	15.44	9	0	8.54
2787	'Cassette'	22	25.11	13	0	17.66
2791	'Vinyl'	17	23.72	3	0	15.91
2797	'Vinyl'	21	18.94	11	0	11.34
2806	'Vinyl'	19	14.18	5	0	10.77
2810	'CD'	1	22.26	3	0	13.28
2812	'Cassette'	17	9.10	11	0	5.62
2817	'Vinyl'	4	11.32	9	0	2.95
2820	'Vinyl'	10	13.49	1	0	4.78
2822	'Cassette'	18	5.56	8	0	1.57
2826	'Cassette'	24	18.45	6	0	8.78
2833	'Cassette'	6	18.64	9	0	7.11
2840	'Vinyl'	9	15.59	2	0	6.75
2841	'Cassette'	2	22.33	8	0	13.70
2846	'CD'	2	11.29	7	0	7.76
2849	'Cassette'	2	9.90	6	0	3.62
2852	'Vinyl'	15	11.10	4	0	8.61
2855	'CD'	3	22.51	4	0	9.50
2858	'CD'	17	8.76	7	0	3.10
2863	'CD'	22	19.55	7	0	6.25
2864	'Vinyl'	20	20.84	8	0	15.83
2865	'CD'	18	19.98	15	0	3.57
2869	'CD'	13	8.26	6	0	4.43
2870	'CD'	18	25.50	14	0	5.54
2872	'Vinyl'	5	20.41	11	0	8.60
2875	'Cassette'	21	25.58	11	0	12.36
2881	'CD'	18	19.67	2	0	6.21
2884	'Cassette'	15	23.67	1	0	16.72
2888	'Vinyl'	18	14.70	5	0	6.93
2889	'CD'	21	12.10	11	0	2.33
2896	'CD'	22	22.61	11	0	6.40
2897	'Vinyl'	9	21.36	10	0	10.40
2900	'Cassette'	3	16.71	2	0	8.83
2903	'Cassette'	2	7.62	15	0	3.16
2906	'Vinyl'	11	12.40	6	0	7.21
2912	'CD'	20	14.40	11	0	11.12
2916	'CD'	12	19.88	13	0	13.82
2931	'Vinyl'	25	13.77	6	0	2.44
2945	'Vinyl'	25	9.88	14	0	4.74
2947	'Cassette'	16	23.55	5	0	9.88
2956	'Cassette'	20	24.43	10	0	9.74
2969	'CD'	24	6.76	2	0	3.84
2972	'Cassette'	5	12.18	5	0	7.10
2974	'Cassette'	24	7.20	4	5	2.60
2975	'Vinyl'	15	17.58	11	0	8.47
2977	'Vinyl'	14	15.25	0	5	9.54
2979	'CD'	25	6.43	12	0	3.33
2980	'Vinyl'	17	21.14	14	0	9.63
2989	'CD'	14	14.92	2	0	9.60
2992	'Cassette'	25	18.31	9	0	6.69
2994	'Vinyl'	24	18.56	8	0	8.38
3005	'Vinyl'	13	11.87	13	0	7.39
3008	'Cassette'	10	16.84	3	1	12.91
3012	'Vinyl'	20	22.82	9	0	8.95
3019	'Cassette'	11	13.62	5	0	8.86
3020	'Cassette'	25	12.82	15	0	8.71
3025	'CD'	5	6.16	8	0	3.92
3034	'CD'	8	12.96	9	2	4.14
3037	'CD'	9	17.54	9	0	10.82
3046	'Cassette'	5	13.73	15	0	3.72
3050	'CD'	3	13.40	3	0	5.80
3058	'Cassette'	14	17.94	5	0	3.43
3059	'Vinyl'	21	7.77	3	0	4.30
3062	'CD'	2	12.51	7	0	6.56
3066	'Cassette'	20	11.53	14	0	4.40
3071	'CD'	23	20.25	7	0	14.25
3089	'Vinyl'	8	9.10	14	0	1.70
3098	'Cassette'	3	12.58	5	0	5.85
3101	'Vinyl'	10	11.13	10	0	2.40
3107	'CD'	23	12.70	8	0	8.74
3109	'Vinyl'	16	13.18	2	0	4.74
3124	'Vinyl'	1	21.81	3	0	9.20
3137	'Cassette'	17	17.90	3	0	9.32
3143	'Vinyl'	18	12.75	2	0	4.76
3150	'CD'	1	25.86	4	7	17.81
3153	'Cassette'	3	16.96	14	0	8.22
3167	'Vinyl'	9	17.49	11	0	6.70
3173	'Cassette'	4	19.90	12	0	12.84
3177	'Cassette'	11	17.63	6	0	11.56
3182	'Cassette'	12	19.56	10	0	5.46
3184	'CD'	15	13.32	1	0	3.20
3194	'Cassette'	7	18.79	11	0	6.84
3195	'Vinyl'	3	19.46	6	0	5.46
3198	'Cassette'	25	12.64	9	0	2.94
3199	'Vinyl'	22	13.85	4	0	2.82
3200	'Cassette'	22	14.98	2	0	8.22
3202	'Vinyl'	1	25.57	15	0	13.98
3203	'Vinyl'	14	9.13	13	0	5.44
3213	'Vinyl'	1	6.31	15	0	1.76
3214	'Cassette'	3	13.68	9	0	10.10
3216	'Vinyl'	25	19.47	14	0	4.11
3222	'CD'	12	17.31	12	0	10.84
3227	'CD'	2	25.19	8	0	8.52
3230	'CD'	3	24.17	13	0	14.71
3233	'Vinyl'	1	17.50	12	0	6.10
3236	'Vinyl'	22	18.48	2	0	8.11
3238	'Cassette'	13	12.77	1	0	5.86
3239	'Cassette'	3	8.91	4	0	2.39
3242	'Cassette'	8	22.65	12	0	12.45
3244	'Vinyl'	1	17.30	6	0	10.42
3245	'Cassette'	16	11.66	1	0	5.51
3246	'Vinyl'	14	24.60	14	0	7.70
3250	'CD'	3	12.35	6	0	7.76
3253	'Vinyl'	2	20.84	4	0	5.56
3257	'Cassette'	25	20.79	3	0	8.45
3258	'Vinyl'	9	7.12	1	0	3.27
3260	'CD'	10	5.66	11	0	1.83
3271	'CD'	1	25.55	5	0	11.28
3280	'Vinyl'	25	13.14	11	0	9.20
3282	'Cassette'	19	21.72	2	0	7.84
3286	'Cassette'	3	12.83	12	0	8.23
3289	'Cassette'	14	14.89	7	0	6.16
3292	'Vinyl'	24	20.85	11	3	9.63
3294	'Vinyl'	21	6.98	5	0	4.42
3305	'Cassette'	12	23.52	3	0	5.30
3308	'Vinyl'	9	19.52	5	0	13.35
3309	'CD'	12	21.60	8	0	12.47
3312	'CD'	6	7.53	9	0	4.68
3315	'Cassette'	10	14.12	3	0	9.93
3316	'Cassette'	4	12.47	6	0	4.89
3323	'CD'	13	14.31	10	0	5.45
3339	'CD'	15	24.65	4	0	12.15
3346	'CD'	19	13.65	1	0	9.13
3347	'Cassette'	10	9.35	13	0	6.45
3348	'Vinyl'	25	12.93	13	0	9.70
3349	'Cassette'	21	22.31	4	0	6.50
3350	'Vinyl'	3	14.92	2	8	11.58
3351	'Vinyl'	19	9.31	4	0	4.78
3352	'Vinyl'	22	22.28	10	0	4.60
3363	'Cassette'	3	25.62	10	0	17.69
3372	'Vinyl'	15	5.24	12	0	1.24
3373	'Vinyl'	24	5.71	8	0	4.57
3374	'CD'	25	12.71	5	0	4.78
3375	'CD'	13	23.81	13	0	14.52
3378	'CD'	1	22.60	6	0	16.70
3386	'Cassette'	22	10.38	15	0	7.81
3395	'Cassette'	14	6.80	3	0	2.51
3398	'Vinyl'	8	11.27	4	0	5.18
3417	'Vinyl'	24	15.85	9	0	5.20
3425	'CD'	19	25.22	8	0	14.69
3440	'CD'	21	22.40	10	0	16.65
3442	'Vinyl'	20	5.56	9	0	4.66
3445	'CD'	10	11.50	8	0	6.70
3450	'Vinyl'	13	21.72	11	0	8.48
3454	'Vinyl'	4	25.63	0	3	8.60
3460	'Vinyl'	22	21.64	8	0	4.19
3474	'Vinyl'	25	9.20	11	0	4.68
3475	'Vinyl'	6	15.27	10	0	4.69
3477	'CD'	22	14.52	4	0	8.16
3497	'Cassette'	17	21.69	9	0	9.47
3498	'CD'	11	22.67	15	0	8.78
3500	'Vinyl'	16	12.53	13	0	2.48
3507	'Cassette'	22	23.67	1	0	18.75
3513	'Cassette'	12	10.13	6	0	7.90
3515	'Cassette'	6	10.68	11	0	2.39
3517	'Vinyl'	1	6.11	15	0	4.40
3531	'CD'	15	25.83	5	0	5.95
3537	'Cassette'	3	11.42	15	0	4.85
3543	'CD'	6	21.82	9	0	10.39
3546	'CD'	8	20.83	8	0	12.65
3550	'Vinyl'	15	19.90	10	0	6.38
3551	'Vinyl'	7	17.68	13	0	13.21
3563	'Cassette'	11	19.70	13	0	5.24
3566	'CD'	3	9.10	9	0	2.39
3567	'CD'	24	19.21	3	0	8.50
3570	'Vinyl'	15	17.82	11	0	12.49
3575	'CD'	6	9.96	5	0	4.45
3579	'Vinyl'	3	22.46	5	0	17.34
3582	'Cassette'	22	11.60	2	0	7.20
3586	'Cassette'	8	17.79	5	0	3.44
3588	'CD'	5	25.92	3	0	9.58
3592	'Vinyl'	9	8.19	5	0	2.22
3594	'Vinyl'	10	22.84	9	0	10.89
3598	'Cassette'	19	11.80	13	0	4.58
3608	'CD'	10	21.36	12	0	16.59
3617	'Cassette'	8	10.70	4	0	6.40
3620	'Vinyl'	4	20.31	7	0	14.41
3621	'Cassette'	18	25.14	13	0	6.95
3622	'CD'	17	12.66	6	0	7.46
3636	'Cassette'	25	18.22	8	0	6.23
3638	'Cassette'	4	20.85	12	0	14.67
3640	'Cassette'	25	23.77	14	0	9.50
3646	'Cassette'	18	11.42	6	0	7.60
3659	'CD'	7	14.75	9	0	11.78
3671	'CD'	24	16.55	9	0	10.90
3672	'Vinyl'	20	16.70	5	0	9.29
3674	'Vinyl'	12	21.62	3	0	10.61
3676	'CD'	9	21.77	9	0	6.43
3677	'CD'	18	14.57	3	0	4.34
3678	'CD'	10	16.93	2	10	9.63
3679	'Vinyl'	8	24.17	1	0	16.28
3680	'CD'	22	9.15	11	0	3.45
3681	'Vinyl'	3	16.40	11	0	11.83
3687	'Vinyl'	9	13.60	7	0	2.25
3690	'Cassette'	8	16.44	4	0	11.22
3691	'Vinyl'	14	24.39	13	0	13.44
3699	'CD'	17	14.21	13	0	10.29
3701	'CD'	11	17.23	4	2	5.75
3702	'CD'	20	15.55	0	15	10.68
3704	'CD'	24	13.95	5	0	5.30
3725	'Vinyl'	23	22.41	9	0	5.99
3731	'CD'	21	5.85	7	0	2.61
3737	'CD'	3	16.39	0	1	5.77
3740	'CD'	1	21.82	2	0	6.99
3754	'Cassette'	19	10.73	15	0	2.35
3762	'CD'	16	11.84	8	0	7.44
3773	'Cassette'	24	15.30	4	0	5.93
3784	'CD'	13	10.95	7	0	7.33
3793	'Cassette'	22	25.10	14	0	14.12
3795	'Cassette'	24	14.92	14	0	3.19
3796	'Vinyl'	2	16.45	12	0	6.33
3798	'CD'	23	12.13	14	0	9.92
3799	'Cassette'	21	18.33	12	0	6.20
3804	'Cassette'	19	7.30	8	0	5.10
3805	'Vinyl'	6	25.73	7	0	19.65
3806	'Cassette'	17	23.26	1	0	14.81
3817	'CD'	4	25.84	6	0	19.79
3820	'Vinyl'	19	18.98	14	0	7.66
3823	'CD'	10	12.16	2	2	2.94
3826	'CD'	8	17.99	8	0	8.89
3830	'CD'	8	7.57	3	0	1.40
3833	'Vinyl'	5	17.62	10	0	6.56
3850	'Cassette'	6	22.36	12	0	13.47
3864	'Cassette'	24	6.66	9	0	4.50
3865	'Cassette'	23	15.28	5	0	6.16
3866	'Vinyl'	10	18.88	1	0	14.90
3873	'Vinyl'	1	8.73	5	0	6.50
3874	'Vinyl'	20	15.56	15	0	5.86
3879	'CD'	14	16.80	13	0	5.67
3884	'CD'	8	23.33	11	0	7.96
3887	'CD'	20	20.22	8	0	11.61
3890	'CD'	16	18.65	3	0	7.60
3891	'Vinyl'	9	11.82	1	0	6.61
3892	'CD'	11	22.56	12	0	7.30
3904	'CD'	24	10.26	1	0	3.74
3905	'CD'	5	19.94	6	0	10.52
3916	'Cassette'	4	18.88	11	0	4.31
3917	'Vinyl'	21	15.52	9	0	9.90
3920	'Vinyl'	16	7.17	7	0	1.63
3921	'Vinyl'	14	11.37	8	0	2.95
3927	'Cassette'	5	13.76	6	0	5.20
3932	'Vinyl'	7	13.60	6	5	6.47
3936	'Vinyl'	21	14.30	11	0	6.52
3941	'Vinyl'	12	17.11	2	0	8.32
3944	'Cassette'	5	20.28	7	0	13.95
3945	'CD'	9	22.77	15	0	15.99
3948	'CD'	11	10.82	1	0	6.98
3954	'CD'	21	16.70	13	0	5.96
3955	'CD'	22	17.60	5	0	9.90
3964	'Cassette'	23	18.12	1	0	3.71
3975	'Cassette'	11	18.15	12	0	11.77
3976	'Vinyl'	22	22.39	12	0	4.45
3980	'Cassette'	24	15.81	7	0	10.88
3982	'CD'	11	13.25	3	0	6.90
3987	'CD'	7	20.65	10	0	15.67
3988	'Cassette'	15	13.19	5	0	6.70
3992	'CD'	8	9.92	10	0	7.19
3996	'CD'	1	19.49	11	0	7.10
4013	'Cassette'	4	11.26	11	0	3.79
4016	'CD'	21	17.56	1	0	3.38
4021	'Vinyl'	16	21.12	6	6	16.13
4023	'Cassette'	22	20.40	2	0	10.45
4031	'Cassette'	6	13.21	14	0	7.14
4045	'Vinyl'	25	22.71	11	0	11.41
4058	'CD'	6	8.38	11	0	2.45
4060	'Cassette'	23	19.60	6	0	13.63
4074	'CD'	5	22.80	8	0	7.26
4075	'CD'	5	24.17	10	0	6.23
4077	'Cassette'	9	23.69	2	0	10.92
4080	'Vinyl'	14	22.39	6	0	11.88
4088	'Vinyl'	21	11.80	10	0	8.97
4089	'Vinyl'	18	10.38	15	0	3.72
4090	'CD'	19	7.79	10	0	3.72
4092	'CD'	10	10.29	11	0	7.40
4094	'CD'	22	8.73	9	0	1.59
4104	'Cassette'	4	11.40	15	0	3.47
4105	'CD'	15	6.99	12	0	2.30
4116	'Vinyl'	16	5.22	12	0	2.45
4121	'CD'	15	15.89	2	0	3.90
4122	'Vinyl'	5	17.18	3	0	3.39
4125	'CD'	13	22.12	8	0	11.21
4128	'Vinyl'	11	14.88	7	0	8.13
4143	'Vinyl'	25	6.20	14	0	4.69
4145	'CD'	9	5.30	15	0	4.40
4151	'Cassette'	12	5.92	8	0	4.68
4152	'Cassette'	24	8.88	14	0	6.18
4154	'CD'	19	5.37	11	0	1.49
4160	'Cassette'	8	9.18	13	0	2.67
4164	'Vinyl'	2	8.65	1	0	3.94
4168	'CD'	11	7.87	2	4	1.60
4180	'Cassette'	20	23.49	1	0	5.39
4190	'Vinyl'	21	7.51	12	0	1.82
4191	'CD'	4	11.80	1	0	7.31
4192	'Cassette'	7	25.80	14	0	10.42
4196	'Cassette'	19	8.68	5	0	2.80
4198	'Cassette'	24	12.65	0	2	4.82
4205	'Vinyl'	16	17.35	9	0	6.85
4212	'Cassette'	18	22.11	13	0	14.91
4214	'CD'	3	5.94	5	0	4.60
4215	'CD'	8	16.63	14	0	4.79
4218	'CD'	12	17.22	8	0	4.46
4225	'CD'	23	12.35	5	0	8.66
4229	'Vinyl'	12	7.48	6	0	4.70
4232	'Vinyl'	14	19.73	12	0	10.64
4246	'Cassette'	21	19.60	7	0	12.38
4257	'Cassette'	2	25.70	6	0	13.50
4258	'CD'	17	20.19	8	0	4.40
4265	'CD'	4	16.19	1	0	7.31
4270	'Vinyl'	7	11.64	9	0	6.85
4272	'Cassette'	12	9.79	7	0	4.62
4273	'Cassette'	7	17.51	14	0	8.64
4275	'Vinyl'	2	19.65	3	0	8.60
4277	'Cassette'	4	14.22	7	0	9.60
4278	'Cassette'	9	21.86	0	2	7.56
4287	'CD'	6	13.72	12	0	6.36
4290	'Cassette'	12	15.40	15	0	5.10
4293	'Vinyl'	25	14.83	4	0	8.80
4297	'Cassette'	5	19.14	4	0	13.70
4301	'Vinyl'	7	18.73	2	0	9.83
4324	'Vinyl'	8	9.65	11	0	5.20
4325	'CD'	24	9.91	2	10	2.22
4329	'Vinyl'	8	24.38	1	0	15.29
4345	'Cassette'	10	12.48	9	0	4.32
4348	'Cassette'	16	24.37	7	0	11.83
4353	'Cassette'	8	25.22	13	0	16.63
4355	'Vinyl'	21	19.36	2	0	13.82
4356	'Vinyl'	24	21.19	5	0	11.28
4357	'Vinyl'	18	10.93	8	7	8.89
4360	'CD'	25	6.81	5	0	2.96
4363	'CD'	25	15.24	15	0	4.49
4367	'Cassette'	1	8.12	1	0	1.82
4369	'CD'	5	24.48	14	0	7.30
4375	'Vinyl'	17	23.69	13	0	17.50
4378	'Vinyl'	16	15.62	8	2	5.16
4380	'Vinyl'	20	11.52	15	0	8.83
4381	'CD'	6	19.76	4	0	8.94
4385	'CD'	13	22.41	3	0	13.97
4388	'Vinyl'	24	21.29	3	0	12.74
4395	'Cassette'	17	14.23	10	0	10.98
4397	'CD'	16	15.12	3	0	9.38
4402	'Vinyl'	3	14.25	15	0	4.32
4415	'CD'	7	7.96	14	0	1.88
4419	'CD'	19	25.10	13	0	18.25
4420	'Vinyl'	1	14.54	15	0	9.30
4423	'Vinyl'	13	22.76	10	0	11.59
4428	'Cassette'	3	10.64	5	0	4.34
4457	'Vinyl'	9	10.70	2	0	8.43
4464	'CD'	23	19.20	7	0	12.10
4467	'CD'	12	18.51	2	0	12.42
4470	'Cassette'	14	9.71	9	0	2.50
4484	'Vinyl'	10	6.24	6	0	1.67
4488	'CD'	10	10.51	9	0	8.76
4493	'CD'	7	20.22	1	0	11.97
4502	'Cassette'	6	18.67	11	0	7.21
4505	'Cassette'	3	6.20	7	0	1.42
4511	'CD'	25	25.55	12	0	15.75
4520	'CD'	3	11.71	11	0	4.65
4523	'Cassette'	4	8.66	15	0	1.60
4526	'Vinyl'	14	25.78	15	0	18.76
4527	'CD'	23	6.25	5	0	1.30
4538	'Cassette'	6	6.41	4	0	4.20
4539	'CD'	14	14.78	4	0	5.14
4541	'Cassette'	11	18.99	3	0	12.41
4544	'CD'	3	13.78	10	0	10.55
4545	'Cassette'	17	17.67	14	0	11.77
4547	'CD'	7	25.58	1	5	8.33
4549	'CD'	10	16.54	8	0	8.47
4553	'Cassette'	23	14.93	11	0	9.90
4557	'Cassette'	15	18.10	8	0	10.63
4558	'CD'	3	16.64	1	0	11.85
4559	'Vinyl'	12	22.17	10	0	11.15
4588	'Vinyl'	16	20.80	2	0	5.26
4601	'CD'	20	18.90	10	0	4.74
4602	'Cassette'	5	17.62	13	0	7.57
4608	'Cassette'	5	8.74	4	0	4.31
4613	'CD'	21	24.19	3	0	12.78
4619	'Cassette'	4	19.29	13	0	11.30
4624	'Cassette'	25	20.26	6	0	6.97
4632	'Cassette'	8	15.91	2	0	4.50
4640	'CD'	1	19.33	8	0	10.11
4649	'CD'	20	18.60	14	0	4.24
4651	'Vinyl'	15	11.60	14	0	7.81
4652	'Vinyl'	10	12.97	6	0	5.71
4658	'Vinyl'	19	15.51	10	0	12.11
4660	'CD'	13	7.51	3	0	5.86
4665	'Cassette'	5	8.49	15	0	5.14
4669	'Vinyl'	4	11.53	4	0	3.92
4683	'Vinyl'	2	12.51	13	0	6.65
4684	'Cassette'	8	19.70	6	0	10.22
4688	'Vinyl'	24	20.10	12	0	7.91
4691	'Cassette'	2	21.50	4	0	8.86
4695	'Cassette'	4	16.60	5	0	8.66
4698	'Cassette'	5	14.38	14	0	5.47
4700	'Cassette'	15	6.71	2	0	1.99
4709	'CD'	4	6.78	5	0	2.95
4711	'Cassette'	7	7.54	15	0	2.74
4716	'Cassette'	21	19.86	7	0	4.40
4719	'Vinyl'	10	20.49	3	0	10.67
4731	'CD'	4	21.14	10	0	6.11
4734	'CD'	17	7.60	7	0	1.98
4738	'CD'	14	9.18	0	4	4.57
4762	'CD'	3	21.27	8	0	4.83
4772	'Vinyl'	13	21.74	13	0	6.69
4775	'CD'	12	11.58	3	0	2.19
4776	'CD'	24	6.41	7	0	2.87
4783	'Cassette'	8	15.18	12	0	11.21
4789	'Cassette'	13	22.30	7	2	9.71
4800	'CD'	22	6.28	1	0	1.75
4805	'CD'	21	8.40	3	0	5.96
4806	'Vinyl'	3	21.64	4	0	12.58
4809	'Vinyl'	6	24.81	7	0	8.43
4811	'Cassette'	6	5.60	1	1	3.84
4812	'Vinyl'	17	10.57	4	0	7.62
4813	'CD'	9	8.20	2	0	6.20
4814	'Vinyl'	1	7.64	11	0	4.73
4821	'CD'	6	20.61	5	0	13.28
4822	'CD'	24	9.53	1	0	7.41
4824	'CD'	1	9.81	13	0	4.26
4825	'Cassette'	11	8.61	4	0	6.38
4826	'CD'	8	20.43	12	0	11.42
4828	'Cassette'	19	6.31	5	0	2.55
4838	'Cassette'	14	9.23	13	0	5.94
4841	'Cassette'	18	13.29	5	0	9.85
4845	'Vinyl'	23	6.40	15	0	1.77
4846	'Vinyl'	17	16.76	6	0	5.60
4850	'Vinyl'	22	12.57	1	0	4.44
4853	'CD'	25	16.31	7	0	4.27
4859	'CD'	25	15.36	12	0	11.65
4860	'Cassette'	5	23.20	4	0	8.41
4877	'Vinyl'	14	20.86	14	0	8.41
4883	'Vinyl'	7	16.56	6	0	5.33
4893	'Vinyl'	6	5.14	11	0	4.62
4897	'Vinyl'	18	8.16	14	0	6.94
4908	'CD'	20	9.68	6	0	7.90
4912	'Cassette'	5	21.30	4	0	16.44
4930	'Cassette'	2	5.58	10	0	2.30
4932	'Cassette'	9	12.16	1	5	8.47
4933	'Cassette'	25	8.69	9	0	4.97
4934	'Cassette'	15	12.82	11	0	4.49
4936	'CD'	16	12.10	10	0	3.13
4948	'Vinyl'	7	12.10	9	0	5.34
4954	'CD'	24	10.94	13	2	6.19
4956	'Vinyl'	10	8.21	8	0	5.54
4957	'Cassette'	23	18.30	10	0	4.17
4961	'Cassette'	18	18.43	1	1	13.60
4969	'Cassette'	25	23.87	4	5	6.21
4974	'CD'	15	21.46	7	0	12.41
4982	'CD'	16	7.34	9	0	1.29
4989	'CD'	23	22.14	1	0	16.74
4993	'Cassette'	6	21.74	3	0	7.19
4999	'Vinyl'	4	10.30	9	0	3.76
5002	'CD'	7	10.75	5	0	5.50
5009	'Vinyl'	18	18.50	11	0	3.72
5010	'Cassette'	19	16.92	8	0	4.50
5013	'CD'	1	5.48	8	0	1.96
5014	'Vinyl'	1	5.46	15	0	2.10
5021	'CD'	8	13.53	8	0	4.17
5027	'Cassette'	8	14.68	14	0	4.23
5031	'Vinyl'	16	12.30	1	0	2.84
5038	'Vinyl'	5	19.47	12	0	12.52
5044	'Cassette'	2	24.85	11	0	15.31
5046	'CD'	19	5.30	15	0	1.44
5049	'Cassette'	14	23.88	6	0	15.29
5060	'CD'	15	20.30	6	0	8.79
5061	'Vinyl'	14	25.41	14	0	7.39
5062	'Vinyl'	23	20.32	14	0	11.40
5066	'Vinyl'	3	19.68	14	0	8.48
5071	'CD'	24	12.90	9	0	4.80
5073	'Vinyl'	10	19.43	3	0	6.75
5075	'Vinyl'	15	8.33	5	0	5.57
5082	'Vinyl'	3	20.86	6	0	10.70
5084	'Vinyl'	22	10.72	4	0	5.47
5087	'CD'	14	20.10	15	0	9.53
5088	'Vinyl'	3	12.82	15	0	7.76
5099	'CD'	16	10.97	2	0	5.41
5114	'Cassette'	1	14.87	11	0	5.98
5119	'CD'	9	6.40	8	0	2.76
5121	'CD'	13	16.29	2	0	8.96
5122	'Cassette'	24	15.74	3	0	8.18
5134	'CD'	12	11.14	13	0	7.80
5136	'CD'	25	13.20	9	0	5.68
5138	'Vinyl'	1	12.76	5	0	7.28
5155	'CD'	12	23.15	14	0	17.33
5156	'Cassette'	8	18.84	2	2	4.52
5161	'Cassette'	21	22.18	15	0	17.82
5165	'Vinyl'	25	16.40	4	0	6.32
5170	'Vinyl'	24	12.66	11	0	4.83
5176	'CD'	1	25.79	13	0	12.83
5178	'CD'	22	9.66	4	0	3.31
5182	'Vinyl'	24	11.50	9	0	6.61
5188	'Vinyl'	17	9.94	12	0	2.77
5191	'Vinyl'	6	16.49	5	0	3.60
5198	'Vinyl'	23	21.17	14	0	15.15
5200	'Vinyl'	25	6.60	10	0	1.54
5201	'Vinyl'	17	9.54	7	0	6.38
5207	'Vinyl'	9	14.41	6	0	10.59
5209	'CD'	17	24.50	3	0	6.67
5215	'Cassette'	14	24.98	8	0	4.36
5216	'Vinyl'	6	6.83	8	0	3.79
5219	'Vinyl'	3	9.68	9	0	6.90
5237	'Cassette'	25	6.38	11	0	3.20
5238	'Cassette'	9	25.21	15	0	13.62
5240	'Vinyl'	18	20.82	4	0	15.39
5243	'Cassette'	4	5.82	12	0	1.49
5255	'CD'	1	18.79	12	0	4.98
5259	'Vinyl'	22	10.90	3	12	8.93
5265	'Cassette'	17	10.53	12	0	2.63
5276	'CD'	2	18.24	2	0	10.11
5284	'Cassette'	11	19.78	6	0	4.13
5289	'Vinyl'	1	23.12	9	0	10.87
5311	'Cassette'	2	25.32	14	0	16.87
5319	'Cassette'	8	14.98	3	0	7.50
5322	'CD'	23	24.82	5	0	6.79
5323	'Vinyl'	21	8.68	4	0	2.32
5330	'Cassette'	5	25.40	15	0	12.46
5335	'Vinyl'	12	5.62	15	0	2.44
5361	'Cassette'	15	8.81	7	0	5.97
5363	'Cassette'	17	22.91	8	0	6.80
5364	'Cassette'	5	22.90	10	0	6.18
5368	'CD'	8	17.88	9	0	5.99
5377	'Vinyl'	6	18.45	14	0	8.17
5380	'Vinyl'	6	9.70	1	0	2.94
5385	'CD'	19	18.89	14	0	9.33
5391	'Cassette'	10	16.11	5	0	10.46
5394	'Cassette'	19	13.84	11	0	2.54
5398	'Vinyl'	9	10.40	11	0	7.86
5400	'CD'	1	13.20	3	0	2.40
5408	'Vinyl'	15	25.18	1	0	18.42
5409	'Vinyl'	4	22.90	6	0	17.79
5414	'Cassette'	11	16.60	2	0	5.75
5430	'Vinyl'	12	9.40	7	3	7.47
5437	'Vinyl'	25	5.68	7	0	4.90
5444	'Cassette'	3	22.18	3	0	7.50
5448	'CD'	18	19.60	7	0	5.76
5450	'Vinyl'	11	13.16	4	0	10.47
5459	'Vinyl'	1	7.92	3	0	2.93
5460	'Vinyl'	4	24.45	8	0	4.67
5473	'Cassette'	20	14.49	8	0	7.96
5474	'Vinyl'	22	8.36	9	0	5.62
5477	'Vinyl'	19	5.32	5	0	4.25
5478	'Cassette'	5	6.19	4	0	3.95
5483	'Cassette'	21	6.81	5	0	4.23
5486	'CD'	16	21.51	3	0	11.69
5499	'Vinyl'	8	21.56	15	0	14.56
5512	'Vinyl'	12	11.75	3	0	4.90
5515	'Cassette'	15	8.56	1	0	4.60
5518	'Cassette'	21	24.93	8	0	13.27
5520	'Cassette'	3	23.46	1	0	10.25
5527	'CD'	24	18.90	9	0	8.27
5531	'Cassette'	10	19.38	5	0	10.86
5534	'CD'	21	12.51	4	0	7.65
5539	'Cassette'	1	9.75	4	0	7.76
5550	'CD'	5	6.55	2	2	4.67
5554	'Vinyl'	1	15.79	6	0	9.72
5557	'Vinyl'	23	25.30	12	0	13.69
5560	'Cassette'	24	20.33	15	0	9.15
5561	'Cassette'	19	21.21	4	0	15.70
5564	'Vinyl'	2	15.80	13	0	8.92
5565	'CD'	7	8.79	4	0	3.57
5583	'CD'	19	12.61	14	0	4.46
5585	'CD'	9	11.85	2	0	2.95
5589	'CD'	13	25.92	6	0	8.55
5591	'CD'	23	9.68	10	0	5.31
5594	'Vinyl'	12	6.50	13	0	1.48
5625	'Vinyl'	19	5.89	3	0	1.24
5626	'CD'	12	12.93	7	0	5.34
5637	'Cassette'	4	17.67	11	0	3.72
5638	'Cassette'	11	13.84	14	0	2.63
5642	'Cassette'	20	23.10	10	0	9.23
5643	'CD'	7	22.13	5	0	8.13
5645	'Cassette'	22	5.40	3	0	3.51
5646	'Vinyl'	21	7.63	10	0	5.59
5656	'CD'	21	24.11	5	0	12.83
5659	'Vinyl'	11	9.62	14	0	1.81
5668	'CD'	25	14.50	14	0	8.35
5673	'Vinyl'	14	16.41	6	0	8.80
5679	'Vinyl'	23	7.33	6	0	3.73
5686	'CD'	9	10.44	5	0	2.92
5695	'Vinyl'	16	23.82	15	0	10.51
5702	'Vinyl'	11	13.75	13	0	4.62
5704	'Cassette'	12	6.17	4	0	1.33
5711	'Cassette'	23	16.14	3	2	7.50
5716	'CD'	25	6.64	6	0	1.34
5724	'CD'	18	14.24	2	0	3.60
5733	'Vinyl'	23	8.36	9	0	5.99
5741	'Vinyl'	14	17.95	1	0	8.27
5747	'Vinyl'	7	5.81	6	3	1.62
5749	'CD'	12	16.90	2	0	5.24
5750	'CD'	12	16.50	10	0	4.11
5756	'Vinyl'	20	21.19	1	0	9.90
5758	'CD'	22	5.91	1	0	4.95
5760	'CD'	20	6.93	10	0	3.58
5771	'Cassette'	2	23.84	3	0	9.90
5778	'CD'	2	19.61	7	0	3.26
5784	'Cassette'	25	15.16	14	0	10.43
5787	'CD'	10	20.64	10	0	13.60
5793	'Vinyl'	17	13.79	3	0	10.80
5795	'Vinyl'	16	6.41	3	0	3.93
5798	'CD'	6	7.49	10	0	2.39
5808	'Cassette'	5	8.68	0	1	2.56
5820	'Vinyl'	14	18.63	15	0	12.38
5824	'Vinyl'	23	16.30	6	0	12.10
5826	'Cassette'	16	8.75	4	0	2.35
5829	'CD'	19	12.69	10	0	7.95
5838	'Cassette'	9	17.50	9	0	7.99
5839	'CD'	13	21.33	5	0	11.25
5843	'CD'	16	18.23	5	0	14.44
5856	'Cassette'	24	11.47	14	0	3.93
5857	'Vinyl'	21	22.33	1	0	10.99
5859	'Cassette'	2	20.80	11	0	5.70
5860	'CD'	5	5.62	6	0	1.49
5864	'Vinyl'	24	9.14	5	0	4.70
5867	'Vinyl'	15	14.40	14	0	6.56
5880	'Cassette'	25	18.69	7	0	14.28
5886	'CD'	23	19.23	1	0	10.33
5891	'CD'	13	23.35	10	0	8.29
5896	'Cassette'	22	11.85	2	0	4.47
5899	'Cassette'	9	8.87	6	0	3.17
5902	'Vinyl'	22	8.50	14	0	3.29
5910	'Cassette'	17	11.30	14	0	6.92
5911	'Vinyl'	10	25.11	2	0	6.36
5912	'Cassette'	17	13.23	12	0	5.60
5916	'Vinyl'	9	7.44	12	0	1.72
5919	'CD'	4	6.19	13	0	3.49
5923	'Cassette'	21	19.35	7	0	6.82
5940	'Vinyl'	13	14.99	3	0	3.82
5942	'Cassette'	11	18.59	0	3	7.70
5945	'Cassette'	7	22.40	1	0	12.75
5952	'CD'	6	24.97	2	0	18.66
5953	'Cassette'	7	14.83	7	0	3.70
5954	'Vinyl'	1	8.82	6	0	5.27
5959	'Vinyl'	20	17.55	2	0	9.90
5960	'Cassette'	11	19.51	13	0	5.30
5966	'Vinyl'	10	7.59	10	0	2.67
5969	'Vinyl'	2	24.76	5	0	17.52
5971	'Cassette'	3	6.61	11	0	1.54
5973	'Cassette'	4	12.79	11	0	6.13
5984	'Cassette'	11	6.28	9	0	4.58
5991	'CD'	20	8.19	6	0	1.34
6008	'CD'	20	8.53	8	0	6.12
6015	'Vinyl'	20	13.59	4	0	8.89
6020	'Cassette'	7	21.98	8	0	7.95
6032	'CD'	17	10.92	15	0	4.57
6034	'Cassette'	16	16.10	5	0	9.31
6037	'Cassette'	1	11.96	7	0	7.60
6041	'Vinyl'	23	21.95	14	0	13.92
6049	'CD'	7	12.93	15	0	9.47
6053	'Vinyl'	3	8.11	8	0	4.80
6062	'Vinyl'	9	5.10	9	0	3.34
6071	'Cassette'	1	10.28	2	0	2.37
6088	'Vinyl'	10	20.87	11	0	10.35
6091	'Vinyl'	23	6.20	2	0	4.83
6094	'CD'	9	8.60	10	0	1.27
6096	'Vinyl'	24	14.56	8	0	6.31
6102	'Vinyl'	13	16.26	13	0	9.83
6106	'CD'	8	12.70	2	0	8.38
6108	'CD'	6	8.30	15	0	1.36
6111	'Cassette'	1	21.67	15	0	7.79
6115	'Cassette'	9	10.47	11	0	8.55
6122	'Cassette'	11	20.66	4	0	12.80
6126	'CD'	21	10.39	5	0	8.61
6129	'Cassette'	14	19.83	13	0	8.90
6137	'Vinyl'	16	25.10	11	0	8.42
6145	'Cassette'	16	13.86	5	0	5.76
6162	'Cassette'	5	20.19	9	0	15.28
6173	'Cassette'	21	16.42	10	0	12.20
6178	'Vinyl'	23	5.20	15	0	3.24
6181	'Cassette'	5	12.31	1	0	2.36
6184	'Vinyl'	9	14.10	1	9	9.97
6191	'Cassette'	17	20.12	7	0	5.81
6197	'CD'	16	17.18	5	0	8.65
6202	'CD'	20	21.14	12	0	15.30
6206	'CD'	1	24.78	8	0	18.66
6208	'CD'	22	12.82	7	0	6.71
6216	'CD'	3	14.19	11	0	10.55
6222	'Cassette'	24	23.58	13	0	6.20
6223	'Cassette'	20	18.16	9	0	5.85
6237	'Cassette'	5	15.27	15	0	11.54
6245	'CD'	14	7.13	12	0	2.13
6250	'Cassette'	1	15.99	12	0	4.97
6260	'CD'	25	19.42	13	0	13.13
6271	'Cassette'	25	5.40	7	0	2.54
6273	'CD'	12	11.10	13	0	3.43
6276	'CD'	1	10.95	4	0	4.22
6285	'CD'	5	19.99	14	0	12.75
6298	'CD'	12	24.43	11	0	4.78
6306	'CD'	24	21.65	9	0	13.30
6316	'CD'	17	11.47	1	0	4.69
6321	'CD'	11	20.34	1	0	9.14
6333	'CD'	7	19.12	7	0	12.63
6334	'CD'	10	15.64	4	0	7.15
6342	'Vinyl'	3	17.21	4	0	5.86
6343	'CD'	11	21.11	2	0	5.15
6349	'Vinyl'	17	20.30	15	0	11.38
6356	'Vinyl'	9	14.73	1	0	10.54
6358	'Cassette'	5	12.90	7	0	7.67
6369	'CD'	10	6.93	10	0	2.61
6370	'Cassette'	13	17.78	13	0	5.74
6371	'Vinyl'	22	19.73	3	0	15.47
6374	'Vinyl'	22	23.69	10	0	10.34
6384	'CD'	11	22.31	4	0	6.13
6392	'Vinyl'	18	19.61	7	0	4.68
6398	'Cassette'	14	13.20	10	0	6.42
6401	'Cassette'	17	13.41	1	0	9.30
6403	'Cassette'	23	16.97	6	0	6.45
6412	'Cassette'	14	19.37	8	0	11.60
6418	'CD'	9	6.61	3	0	1.52
6420	'Vinyl'	18	5.30	11	0	1.54
6421	'Cassette'	23	24.97	12	0	11.46
6422	'Vinyl'	7	17.79	10	0	6.97
6424	'Vinyl'	9	7.80	7	0	2.56
6438	'Vinyl'	21	17.67	5	0	6.71
6445	'CD'	25	17.46	10	0	9.97
6450	'Cassette'	13	21.16	11	0	6.96
6451	'Cassette'	19	16.77	9	0	9.50
6452	'Cassette'	23	16.11	1	0	5.54
6454	'CD'	16	10.87	8	0	8.52
6455	'Cassette'	3	23.85	15	0	8.80
6456	'Vinyl'	13	15.64	4	0	3.83
6461	'Vinyl'	22	10.10	9	0	4.40
6464	'Vinyl'	17	10.42	0	2	4.85
6467	'Cassette'	3	14.51	4	0	5.79
6485	'Cassette'	14	5.75	14	0	4.88
6487	'Cassette'	17	11.30	4	0	8.18
6493	'Vinyl'	17	20.36	11	0	12.33
6498	'Cassette'	20	19.95	10	0	6.90
6502	'CD'	13	15.51	9	0	9.26
6506	'CD'	14	22.81	12	0	11.34
6510	'Cassette'	9	23.28	4	0	18.25
6517	'Cassette'	14	24.88	12	0	13.99
6519	'Cassette'	15	19.28	4	0	8.69
6522	'Cassette'	12	12.60	3	0	3.57
6523	'Cassette'	8	25.18	10	0	19.86
6524	'Cassette'	4	24.83	3	0	4.33
6531	'Cassette'	24	13.81	0	1	9.11
6534	'Cassette'	10	13.54	0	4	9.25
6539	'CD'	9	23.46	11	0	6.42
6549	'Vinyl'	11	24.90	12	0	7.39
6554	'CD'	17	7.59	6	0	4.58
6555	'Cassette'	8	21.10	15	0	7.98
6568	'Vinyl'	25	19.45	11	0	9.90
6569	'Vinyl'	20	24.42	1	0	19.81
6573	'Vinyl'	24	7.85	13	0	5.25
6580	'Cassette'	15	14.74	6	0	5.35
6581	'Cassette'	22	14.23	4	0	11.19
6585	'Vinyl'	1	19.57	5	0	4.48
6593	'Vinyl'	5	14.33	8	0	3.64
6594	'Cassette'	19	17.45	15	0	8.50
6595	'Cassette'	21	22.73	4	0	16.97
6596	'CD'	12	23.76	7	0	16.76
6599	'CD'	20	19.46	4	0	14.50
6602	'Cassette'	21	17.13	5	0	5.79
6607	'Vinyl'	21	6.52	2	0	2.79
6609	'Cassette'	2	21.80	13	0	15.22
6610	'Vinyl'	8	22.46	5	0	7.56
6611	'CD'	18	21.65	8	0	15.21
6621	'CD'	3	6.17	10	0	2.69
6623	'CD'	16	7.17	3	0	5.46
6626	'Cassette'	23	21.81	6	0	10.66
6632	'Vinyl'	16	12.89	7	5	8.28
6633	'Vinyl'	9	19.17	11	0	13.81
6646	'Cassette'	23	25.17	15	0	5.65
6660	'CD'	17	18.98	9	0	9.69
6661	'Vinyl'	21	11.19	1	0	2.95
6668	'Cassette'	16	25.40	7	0	6.29
6670	'CD'	10	24.88	9	0	15.18
6672	'CD'	5	21.76	4	0	6.60
6677	'CD'	20	15.92	13	0	11.62
6691	'Cassette'	12	6.46	7	0	4.58
6697	'Vinyl'	14	14.66	0	1	7.38
6698	'Cassette'	10	22.40	14	0	7.95
6702	'Cassette'	5	23.26	5	0	10.10
6705	'Vinyl'	16	20.59	5	0	16.47
6709	'Vinyl'	12	25.80	1	0	6.75
6710	'Cassette'	18	11.44	11	0	3.36
6711	'CD'	7	9.78	13	0	5.33
6714	'Vinyl'	6	14.62	12	0	9.96
6716	'Vinyl'	14	24.34	12	0	6.96
6725	'Vinyl'	4	10.16	11	0	3.74
6726	'Cassette'	9	8.96	4	0	4.82
6732	'Vinyl'	24	23.73	5	0	17.83
6742	'CD'	9	9.36	6	0	1.40
6747	'Cassette'	23	12.12	4	0	8.51
6749	'Cassette'	16	20.17	11	0	10.13
6760	'CD'	22	8.70	10	0	2.65
6761	'Vinyl'	25	11.65	10	0	3.78
6766	'CD'	22	22.88	3	0	14.17
6768	'Vinyl'	24	15.98	1	0	12.75
6774	'CD'	5	15.93	3	0	4.80
6782	'Vinyl'	7	12.32	13	0	5.48
6791	'Vinyl'	3	5.79	7	0	3.10
6794	'Cassette'	25	16.70	1	0	6.40
6800	'Cassette'	4	24.62	12	0	10.43
6801	'Vinyl'	16	21.56	8	0	14.50
6808	'Cassette'	25	10.40	1	0	7.40
6814	'Vinyl'	21	15.71	3	0	10.88
6821	'Cassette'	13	24.79	14	0	19.86
6827	'Cassette'	9	13.25	8	0	4.46
6835	'Vinyl'	24	17.45	3	0	6.75
6837	'CD'	14	21.20	8	0	8.45
6851	'CD'	14	11.38	9	0	2.63
6853	'Vinyl'	8	5.66	7	0	3.72
6856	'Vinyl'	1	13.98	12	0	7.50
6858	'Vinyl'	3	11.40	12	0	2.49
6862	'CD'	8	19.68	15	0	13.17
6864	'Cassette'	19	11.15	9	0	4.89
6867	'CD'	7	23.23	6	0	15.30
6882	'Vinyl'	13	16.73	3	0	3.88
6892	'Vinyl'	7	6.46	13	0	3.63
6899	'Vinyl'	8	21.55	15	0	4.55
6902	'CD'	17	21.32	15	0	16.25
6904	'CD'	22	21.38	8	0	10.76
6913	'CD'	14	25.70	8	0	8.73
6914	'Cassette'	25	10.82	8	0	4.76
6928	'CD'	15	16.73	4	0	11.11
6931	'Cassette'	21	16.18	8	0	4.72
6932	'CD'	11	25.50	3	0	8.62
6933	'Cassette'	11	22.50	9	0	6.86
6935	'Cassette'	15	12.57	11	0	4.29
6936	'CD'	16	8.90	10	0	3.60
6948	'Vinyl'	19	5.38	6	0	3.26
6949	'CD'	23	15.14	13	0	6.64
6957	'CD'	8	6.40	4	0	1.20
6958	'Vinyl'	15	23.49	14	0	12.24
6961	'CD'	7	18.90	13	0	9.50
6966	'Vinyl'	19	13.82	1	0	3.10
6969	'Cassette'	8	19.97	6	0	4.27
6970	'CD'	21	9.83	1	0	5.41
6979	'CD'	22	6.92	9	0	3.31
6992	'Cassette'	4	13.70	8	0	7.89
6994	'CD'	20	11.50	4	0	3.67
6997	'CD'	9	8.48	4	0	2.62
7001	'CD'	5	18.90	7	0	10.78
7010	'Vinyl'	18	6.83	5	0	3.60
7011	'Cassette'	8	15.75	4	0	8.56
7015	'Vinyl'	20	7.61	2	0	3.55
7017	'Vinyl'	18	23.85	12	0	14.62
7021	'CD'	15	12.40	13	0	8.66
7029	'Cassette'	19	15.94	6	0	8.46
7033	'CD'	6	5.80	9	0	1.93
7034	'Cassette'	11	13.96	13	0	4.22
